Big box:
[array([373, 538]), array([637, 278]), array([896, 541]), array([631, 803])]

Small boxes:
[array([[373, 538],
       [436, 476],
       [498, 539],
       [435, 601]]), array([[436, 476],
       [505, 408],
       [567, 471],
       [498, 539]]), array([[505, 408],
       [574, 340],
       [636, 403],
       [567, 471]]), array([[574, 340],
       [637, 278],
       [699, 341],
       [636, 403]]), array([[435, 601],
       [498, 539],
       [565, 608],
       [502, 670]]), array([[498, 539],
       [567, 471],
       [634, 540],
       [565, 608]]), array([[567, 471],
       [636, 403],
       [703, 472],
       [634, 540]]), array([[636, 403],
       [699, 341],
       [766, 410],
       [703, 472]]), array([[502, 670],
       [565, 608],
       [633, 677],
       [569, 740]]), array([[565, 608],
       [634, 540],
       [702, 609],
       [633, 677]]), array([[634, 540],
       [703, 472],
       [771, 541],
       [702, 609]]), array([[703, 472],
       [766, 410],
       [834, 478],
       [771, 541]]), array([[569, 740],
       [633, 677],
       [694, 740],
       [631, 803]]), array([[633, 677],
       [702, 609],
       [764, 672],
       [694, 740]]), array([[702, 609],
       [771, 541],
       [833, 604],
       [764, 672]]), array([[771, 541],
       [834, 478],
       [896, 541],
       [833, 604]])]