Big box:
[array([228, 858]), array([299, 463]), array([696, 530]), array([621, 932])]

Small boxes:
[array([[228, 858],
       [245, 763],
       [339, 781],
       [322, 876]]), array([[245, 763],
       [264, 660],
       [358, 677],
       [339, 781]]), array([[264, 660],
       [282, 558],
       [377, 574],
       [358, 677]]), array([[282, 558],
       [299, 463],
       [394, 479],
       [377, 574]]), array([[322, 876],
       [339, 781],
       [442, 800],
       [424, 895]]), array([[339, 781],
       [358, 677],
       [461, 696],
       [442, 800]]), array([[358, 677],
       [377, 574],
       [480, 592],
       [461, 696]]), array([[377, 574],
       [394, 479],
       [498, 496],
       [480, 592]]), array([[424, 895],
       [442, 800],
       [545, 818],
       [527, 914]]), array([[442, 800],
       [461, 696],
       [564, 714],
       [545, 818]]), array([[461, 696],
       [480, 592],
       [583, 610],
       [564, 714]]), array([[480, 592],
       [498, 496],
       [601, 514],
       [583, 610]]), array([[527, 914],
       [545, 818],
       [639, 836],
       [621, 932]]), array([[545, 818],
       [564, 714],
       [658, 731],
       [639, 836]]), array([[564, 714],
       [583, 610],
       [678, 626],
       [658, 731]]), array([[583, 610],
       [601, 514],
       [696, 530],
       [678, 626]])]