Big box:
[array([215, 763]), array([328, 414]), array([683, 524]), array([571, 879])]

Small boxes:
[array([[215, 763],
       [242, 679],
       [327, 707],
       [300, 791]]), array([[242, 679],
       [272, 588],
       [357, 616],
       [327, 707]]), array([[272, 588],
       [301, 498],
       [386, 524],
       [357, 616]]), array([[301, 498],
       [328, 414],
       [413, 440],
       [386, 524]]), array([[300, 791],
       [327, 707],
       [420, 737],
       [393, 821]]), array([[327, 707],
       [357, 616],
       [449, 645],
       [420, 737]]), array([[357, 616],
       [386, 524],
       [479, 553],
       [449, 645]]), array([[386, 524],
       [413, 440],
       [506, 469],
       [479, 553]]), array([[393, 821],
       [420, 737],
       [513, 767],
       [486, 851]]), array([[420, 737],
       [449, 645],
       [542, 674],
       [513, 767]]), array([[449, 645],
       [479, 553],
       [571, 582],
       [542, 674]]), array([[479, 553],
       [506, 469],
       [598, 498],
       [571, 582]]), array([[486, 851],
       [513, 767],
       [598, 794],
       [571, 879]]), array([[513, 767],
       [542, 674],
       [627, 702],
       [598, 794]]), array([[542, 674],
       [571, 582],
       [656, 609],
       [627, 702]]), array([[571, 582],
       [598, 498],
       [683, 524],
       [656, 609]])]