Big box:
[array([220, 705]), array([333, 332]), array([710, 446]), array([592, 823])]

Small boxes:
[array([[220, 705],
       [247, 616],
       [336, 644],
       [309, 733]]), array([[247, 616],
       [276, 518],
       [366, 546],
       [336, 644]]), array([[276, 518],
       [306, 421],
       [396, 449],
       [366, 546]]), array([[306, 421],
       [333, 332],
       [423, 359],
       [396, 449]]), array([[309, 733],
       [336, 644],
       [434, 674],
       [406, 764]]), array([[336, 644],
       [366, 546],
       [464, 576],
       [434, 674]]), array([[366, 546],
       [396, 449],
       [494, 479],
       [464, 576]]), array([[396, 449],
       [423, 359],
       [522, 389],
       [494, 479]]), array([[406, 764],
       [434, 674],
       [531, 705],
       [503, 795]]), array([[434, 674],
       [464, 576],
       [561, 607],
       [531, 705]]), array([[464, 576],
       [494, 479],
       [592, 509],
       [561, 607]]), array([[494, 479],
       [522, 389],
       [620, 419],
       [592, 509]]), array([[503, 795],
       [531, 705],
       [620, 733],
       [592, 823]]), array([[531, 705],
       [561, 607],
       [651, 634],
       [620, 733]]), array([[561, 607],
       [592, 509],
       [682, 536],
       [651, 634]]), array([[592, 509],
       [620, 419],
       [710, 446],
       [682, 536]])]