Big box:
[array([204, 944]), array([287, 543]), array([679, 613]), array([ 610, 1021])]

Small boxes:
[array([[204, 944],
       [224, 848],
       [320, 866],
       [301, 962]]), array([[224, 848],
       [246, 744],
       [341, 761],
       [320, 866]]), array([[246, 744],
       [267, 639],
       [362, 656],
       [341, 761]]), array([[267, 639],
       [287, 543],
       [381, 560],
       [362, 656]]), array([[301, 962],
       [320, 866],
       [425, 886],
       [407, 982]]), array([[320, 866],
       [341, 761],
       [445, 780],
       [425, 886]]), array([[341, 761],
       [362, 656],
       [465, 675],
       [445, 780]]), array([[362, 656],
       [381, 560],
       [483, 578],
       [465, 675]]), array([[ 407,  982],
       [ 425,  886],
       [ 530,  905],
       [ 513, 1003]]), array([[425, 886],
       [445, 780],
       [549, 799],
       [530, 905]]), array([[445, 780],
       [465, 675],
       [568, 694],
       [549, 799]]), array([[465, 675],
       [483, 578],
       [585, 596],
       [568, 694]]), array([[ 513, 1003],
       [ 530,  905],
       [ 627,  923],
       [ 610, 1021]]), array([[530, 905],
       [549, 799],
       [644, 817],
       [627, 923]]), array([[549, 799],
       [568, 694],
       [662, 711],
       [644, 817]]), array([[568, 694],
       [585, 596],
       [679, 613],
       [662, 711]])]