Big box:
[array([160, 908]), array([241, 510]), array([637, 585]), array([566, 983])]

Small boxes:
[array([[160, 908],
       [179, 813],
       [276, 831],
       [257, 926]]), array([[179, 813],
       [200, 709],
       [297, 727],
       [276, 831]]), array([[200, 709],
       [222, 605],
       [317, 623],
       [297, 727]]), array([[222, 605],
       [241, 510],
       [336, 528],
       [317, 623]]), array([[257, 926],
       [276, 831],
       [381, 850],
       [363, 946]]), array([[276, 831],
       [297, 727],
       [401, 746],
       [381, 850]]), array([[297, 727],
       [317, 623],
       [421, 643],
       [401, 746]]), array([[317, 623],
       [336, 528],
       [439, 548],
       [421, 643]]), array([[363, 946],
       [381, 850],
       [486, 870],
       [469, 965]]), array([[381, 850],
       [401, 746],
       [505, 766],
       [486, 870]]), array([[401, 746],
       [421, 643],
       [525, 662],
       [505, 766]]), array([[421, 643],
       [439, 548],
       [542, 567],
       [525, 662]]), array([[469, 965],
       [486, 870],
       [583, 888],
       [566, 983]]), array([[486, 870],
       [505, 766],
       [602, 784],
       [583, 888]]), array([[505, 766],
       [525, 662],
       [620, 680],
       [602, 784]]), array([[525, 662],
       [542, 567],
       [637, 585],
       [620, 680]])]