Big box:
[array([185, 944]), array([258, 543]), array([654, 612]), array([ 581, 1019])]

Small boxes:
[array([[185, 944],
       [202, 848],
       [297, 866],
       [280, 962]]), array([[202, 848],
       [222, 744],
       [316, 761],
       [297, 866]]), array([[222, 744],
       [241, 639],
       [335, 656],
       [316, 761]]), array([[241, 639],
       [258, 543],
       [353, 560],
       [335, 656]]), array([[280, 962],
       [297, 866],
       [400, 885],
       [383, 982]]), array([[297, 866],
       [316, 761],
       [420, 780],
       [400, 885]]), array([[316, 761],
       [335, 656],
       [439, 674],
       [420, 780]]), array([[335, 656],
       [353, 560],
       [456, 578],
       [439, 674]]), array([[ 383,  982],
       [ 400,  885],
       [ 504,  904],
       [ 486, 1001]]), array([[400, 885],
       [420, 780],
       [523, 798],
       [504, 904]]), array([[420, 780],
       [439, 674],
       [542, 693],
       [523, 798]]), array([[439, 674],
       [456, 578],
       [559, 595],
       [542, 693]]), array([[ 486, 1001],
       [ 504,  904],
       [ 598,  921],
       [ 581, 1019]]), array([[504, 904],
       [523, 798],
       [618, 816],
       [598, 921]]), array([[523, 798],
       [542, 693],
       [637, 710],
       [618, 816]]), array([[542, 693],
       [559, 595],
       [654, 612],
       [637, 710]])]