Big box:
[array([209, 910]), array([292, 507]), array([682, 582]), array([613, 982])]

Small boxes:
[array([[209, 910],
       [229, 813],
       [325, 831],
       [306, 927]]), array([[229, 813],
       [250, 708],
       [346, 726],
       [325, 831]]), array([[250, 708],
       [272, 604],
       [366, 621],
       [346, 726]]), array([[272, 604],
       [292, 507],
       [385, 525],
       [366, 621]]), array([[306, 927],
       [325, 831],
       [429, 850],
       [411, 946]]), array([[325, 831],
       [346, 726],
       [449, 745],
       [429, 850]]), array([[346, 726],
       [366, 621],
       [469, 641],
       [449, 745]]), array([[366, 621],
       [385, 525],
       [487, 544],
       [469, 641]]), array([[411, 946],
       [429, 850],
       [534, 869],
       [516, 965]]), array([[429, 850],
       [449, 745],
       [552, 764],
       [534, 869]]), array([[449, 745],
       [469, 641],
       [571, 660],
       [552, 764]]), array([[469, 641],
       [487, 544],
       [589, 564],
       [571, 660]]), array([[516, 965],
       [534, 869],
       [630, 886],
       [613, 982]]), array([[534, 869],
       [552, 764],
       [648, 782],
       [630, 886]]), array([[552, 764],
       [571, 660],
       [665, 678],
       [648, 782]]), array([[571, 660],
       [589, 564],
       [682, 582],
       [665, 678]])]