Big box:
[array([353, 477]), array([663, 253]), array([888, 559]), array([578, 792])]

Small boxes:
[array([[353, 477],
       [427, 423],
       [481, 498],
       [407, 552]]), array([[427, 423],
       [508, 365],
       [562, 439],
       [481, 498]]), array([[508, 365],
       [589, 307],
       [643, 380],
       [562, 439]]), array([[589, 307],
       [663, 253],
       [717, 326],
       [643, 380]]), array([[407, 552],
       [481, 498],
       [540, 580],
       [466, 634]]), array([[481, 498],
       [562, 439],
       [620, 520],
       [540, 580]]), array([[562, 439],
       [643, 380],
       [701, 461],
       [620, 520]]), array([[643, 380],
       [717, 326],
       [776, 406],
       [701, 461]]), array([[466, 634],
       [540, 580],
       [598, 661],
       [524, 717]]), array([[540, 580],
       [620, 520],
       [679, 601],
       [598, 661]]), array([[620, 520],
       [701, 461],
       [760, 541],
       [679, 601]]), array([[701, 461],
       [776, 406],
       [834, 486],
       [760, 541]]), array([[524, 717],
       [598, 661],
       [652, 736],
       [578, 792]]), array([[598, 661],
       [679, 601],
       [733, 676],
       [652, 736]]), array([[679, 601],
       [760, 541],
       [814, 615],
       [733, 676]]), array([[760, 541],
       [834, 486],
       [888, 559],
       [814, 615]])]