Big box:
[array([186, 908]), array([267, 507]), array([662, 581]), array([588, 983])]

Small boxes:
[array([[186, 908],
       [205, 812],
       [301, 830],
       [282, 926]]), array([[205, 812],
       [226, 708],
       [322, 725],
       [301, 830]]), array([[226, 708],
       [248, 603],
       [343, 621],
       [322, 725]]), array([[248, 603],
       [267, 507],
       [362, 525],
       [343, 621]]), array([[282, 926],
       [301, 830],
       [406, 849],
       [387, 946]]), array([[301, 830],
       [322, 725],
       [426, 745],
       [406, 849]]), array([[322, 725],
       [343, 621],
       [446, 640],
       [426, 745]]), array([[343, 621],
       [362, 525],
       [464, 544],
       [446, 640]]), array([[387, 946],
       [406, 849],
       [510, 869],
       [492, 965]]), array([[406, 849],
       [426, 745],
       [530, 764],
       [510, 869]]), array([[426, 745],
       [446, 640],
       [549, 660],
       [530, 764]]), array([[446, 640],
       [464, 544],
       [567, 563],
       [549, 660]]), array([[492, 965],
       [510, 869],
       [606, 887],
       [588, 983]]), array([[510, 869],
       [530, 764],
       [625, 782],
       [606, 887]]), array([[530, 764],
       [549, 660],
       [644, 677],
       [625, 782]]), array([[549, 660],
       [567, 563],
       [662, 581],
       [644, 677]])]