Big box:
[array([214, 708]), array([329, 334]), array([706, 448]), array([590, 826])]

Small boxes:
[array([[214, 708],
       [242, 618],
       [332, 646],
       [304, 736]]), array([[242, 618],
       [272, 521],
       [362, 549],
       [332, 646]]), array([[272, 521],
       [301, 424],
       [392, 451],
       [362, 549]]), array([[301, 424],
       [329, 334],
       [419, 361],
       [392, 451]]), array([[304, 736],
       [332, 646],
       [430, 677],
       [402, 767]]), array([[332, 646],
       [362, 549],
       [460, 579],
       [430, 677]]), array([[362, 549],
       [392, 451],
       [490, 481],
       [460, 579]]), array([[392, 451],
       [419, 361],
       [518, 391],
       [490, 481]]), array([[402, 767],
       [430, 677],
       [528, 707],
       [500, 798]]), array([[430, 677],
       [460, 579],
       [558, 609],
       [528, 707]]), array([[460, 579],
       [490, 481],
       [588, 511],
       [558, 609]]), array([[490, 481],
       [518, 391],
       [616, 421],
       [588, 511]]), array([[500, 798],
       [528, 707],
       [618, 735],
       [590, 826]]), array([[528, 707],
       [558, 609],
       [648, 637],
       [618, 735]]), array([[558, 609],
       [588, 511],
       [678, 539],
       [648, 637]]), array([[588, 511],
       [616, 421],
       [706, 448],
       [678, 539]])]