Big box:
[array([206, 698]), array([317, 335]), array([682, 443]), array([574, 810])]

Small boxes:
[array([[206, 698],
       [233, 611],
       [321, 638],
       [294, 725]]), array([[233, 611],
       [262, 516],
       [349, 543],
       [321, 638]]), array([[262, 516],
       [290, 422],
       [378, 448],
       [349, 543]]), array([[290, 422],
       [317, 335],
       [404, 361],
       [378, 448]]), array([[294, 725],
       [321, 638],
       [416, 667],
       [390, 754]]), array([[321, 638],
       [349, 543],
       [445, 572],
       [416, 667]]), array([[349, 543],
       [378, 448],
       [473, 476],
       [445, 572]]), array([[378, 448],
       [404, 361],
       [500, 389],
       [473, 476]]), array([[390, 754],
       [416, 667],
       [512, 695],
       [486, 783]]), array([[416, 667],
       [445, 572],
       [540, 600],
       [512, 695]]), array([[445, 572],
       [473, 476],
       [569, 505],
       [540, 600]]), array([[473, 476],
       [500, 389],
       [595, 417],
       [569, 505]]), array([[486, 783],
       [512, 695],
       [600, 722],
       [574, 810]]), array([[512, 695],
       [540, 600],
       [628, 626],
       [600, 722]]), array([[540, 600],
       [569, 505],
       [656, 531],
       [628, 626]]), array([[569, 505],
       [595, 417],
       [682, 443],
       [656, 531]])]