Big box:
[array([189, 743]), array([288, 366]), array([668, 472]), array([562, 845])]

Small boxes:
[array([[189, 743],
       [213, 653],
       [302, 677],
       [278, 767]]), array([[213, 653],
       [238, 554],
       [329, 579],
       [302, 677]]), array([[238, 554],
       [264, 456],
       [355, 481],
       [329, 579]]), array([[264, 456],
       [288, 366],
       [379, 391],
       [355, 481]]), array([[278, 767],
       [302, 677],
       [400, 704],
       [376, 794]]), array([[302, 677],
       [329, 579],
       [427, 606],
       [400, 704]]), array([[329, 579],
       [355, 481],
       [453, 509],
       [427, 606]]), array([[355, 481],
       [379, 391],
       [478, 419],
       [453, 509]]), array([[376, 794],
       [400, 704],
       [498, 731],
       [473, 821]]), array([[400, 704],
       [427, 606],
       [525, 634],
       [498, 731]]), array([[427, 606],
       [453, 509],
       [552, 536],
       [525, 634]]), array([[453, 509],
       [478, 419],
       [577, 447],
       [552, 536]]), array([[473, 821],
       [498, 731],
       [587, 756],
       [562, 845]]), array([[498, 731],
       [525, 634],
       [615, 658],
       [587, 756]]), array([[525, 634],
       [552, 536],
       [643, 561],
       [615, 658]]), array([[552, 536],
       [577, 447],
       [668, 472],
       [643, 561]])]