Big box:
[array([197, 964]), array([272, 560]), array([667, 629]), array([ 595, 1040])]

Small boxes:
[array([[197, 964],
       [215, 867],
       [310, 885],
       [292, 982]]), array([[215, 867],
       [234, 762],
       [329, 779],
       [310, 885]]), array([[234, 762],
       [254, 657],
       [349, 674],
       [329, 779]]), array([[254, 657],
       [272, 560],
       [367, 577],
       [349, 674]]), array([[ 292,  982],
       [ 310,  885],
       [ 414,  904],
       [ 396, 1002]]), array([[310, 885],
       [329, 779],
       [433, 798],
       [414, 904]]), array([[329, 779],
       [349, 674],
       [452, 692],
       [433, 798]]), array([[349, 674],
       [367, 577],
       [470, 594],
       [452, 692]]), array([[ 396, 1002],
       [ 414,  904],
       [ 517,  924],
       [ 500, 1022]]), array([[414, 904],
       [433, 798],
       [536, 817],
       [517, 924]]), array([[433, 798],
       [452, 692],
       [555, 711],
       [536, 817]]), array([[452, 692],
       [470, 594],
       [572, 612],
       [555, 711]]), array([[ 500, 1022],
       [ 517,  924],
       [ 612,  942],
       [ 595, 1040]]), array([[517, 924],
       [536, 817],
       [631, 834],
       [612, 942]]), array([[536, 817],
       [555, 711],
       [650, 727],
       [631, 834]]), array([[555, 711],
       [572, 612],
       [667, 629],
       [650, 727]])]