Big box:
[array([368, 463]), array([686, 232]), array([921, 542]), array([604, 786])]

Small boxes:
[array([[368, 463],
       [444, 408],
       [501, 484],
       [425, 540]]), array([[444, 408],
       [527, 348],
       [583, 423],
       [501, 484]]), array([[527, 348],
       [610, 287],
       [666, 362],
       [583, 423]]), array([[610, 287],
       [686, 232],
       [742, 306],
       [666, 362]]), array([[425, 540],
       [501, 484],
       [562, 568],
       [486, 624]]), array([[501, 484],
       [583, 423],
       [645, 506],
       [562, 568]]), array([[583, 423],
       [666, 362],
       [727, 444],
       [645, 506]]), array([[666, 362],
       [742, 306],
       [804, 387],
       [727, 444]]), array([[486, 624],
       [562, 568],
       [623, 651],
       [547, 709]]), array([[562, 568],
       [645, 506],
       [706, 588],
       [623, 651]]), array([[645, 506],
       [727, 444],
       [789, 525],
       [706, 588]]), array([[727, 444],
       [804, 387],
       [865, 468],
       [789, 525]]), array([[547, 709],
       [623, 651],
       [680, 728],
       [604, 786]]), array([[623, 651],
       [706, 588],
       [762, 664],
       [680, 728]]), array([[706, 588],
       [789, 525],
       [845, 600],
       [762, 664]]), array([[789, 525],
       [865, 468],
       [921, 542],
       [845, 600]])]