Big box:
[array([169, 898]), array([249, 496]), array([643, 570]), array([573, 969])]

Small boxes:
[array([[169, 898],
       [188, 802],
       [284, 819],
       [266, 915]]), array([[188, 802],
       [209, 697],
       [305, 714],
       [284, 819]]), array([[209, 697],
       [230, 592],
       [325, 610],
       [305, 714]]), array([[230, 592],
       [249, 496],
       [343, 514],
       [325, 610]]), array([[266, 915],
       [284, 819],
       [389, 838],
       [371, 934]]), array([[284, 819],
       [305, 714],
       [408, 733],
       [389, 838]]), array([[305, 714],
       [325, 610],
       [428, 629],
       [408, 733]]), array([[325, 610],
       [343, 514],
       [446, 533],
       [428, 629]]), array([[371, 934],
       [389, 838],
       [494, 856],
       [476, 952]]), array([[389, 838],
       [408, 733],
       [512, 752],
       [494, 856]]), array([[408, 733],
       [428, 629],
       [531, 648],
       [512, 752]]), array([[428, 629],
       [446, 533],
       [549, 552],
       [531, 648]]), array([[476, 952],
       [494, 856],
       [590, 873],
       [573, 969]]), array([[494, 856],
       [512, 752],
       [608, 770],
       [590, 873]]), array([[512, 752],
       [531, 648],
       [626, 666],
       [608, 770]]), array([[531, 648],
       [549, 552],
       [643, 570],
       [626, 666]])]