Big box:
[array([161, 938]), array([237, 533]), array([637, 605]), array([ 558, 1014])]

Small boxes:
[array([[161, 938],
       [179, 841],
       [274, 859],
       [256, 956]]), array([[179, 841],
       [199, 736],
       [294, 753],
       [274, 859]]), array([[199, 736],
       [219, 630],
       [314, 648],
       [294, 753]]), array([[219, 630],
       [237, 533],
       [333, 550],
       [314, 648]]), array([[256, 956],
       [274, 859],
       [378, 878],
       [360, 976]]), array([[274, 859],
       [294, 753],
       [398, 772],
       [378, 878]]), array([[294, 753],
       [314, 648],
       [418, 667],
       [398, 772]]), array([[314, 648],
       [333, 550],
       [437, 569],
       [418, 667]]), array([[360, 976],
       [378, 878],
       [482, 898],
       [463, 996]]), array([[378, 878],
       [398, 772],
       [502, 792],
       [482, 898]]), array([[398, 772],
       [418, 667],
       [522, 686],
       [502, 792]]), array([[418, 667],
       [437, 569],
       [541, 588],
       [522, 686]]), array([[ 463,  996],
       [ 482,  898],
       [ 577,  916],
       [ 558, 1014]]), array([[482, 898],
       [502, 792],
       [598, 810],
       [577, 916]]), array([[502, 792],
       [522, 686],
       [618, 703],
       [598, 810]]), array([[522, 686],
       [541, 588],
       [637, 605],
       [618, 703]])]