Big box:
[array([379, 552]), array([645, 289]), array([908, 548]), array([646, 821])]

Small boxes:
[array([[379, 552],
       [443, 489],
       [506, 553],
       [443, 616]]), array([[443, 489],
       [512, 420],
       [575, 484],
       [506, 553]]), array([[512, 420],
       [581, 352],
       [645, 415],
       [575, 484]]), array([[581, 352],
       [645, 289],
       [708, 351],
       [645, 415]]), array([[443, 616],
       [506, 553],
       [576, 622],
       [512, 686]]), array([[506, 553],
       [575, 484],
       [644, 552],
       [576, 622]]), array([[575, 484],
       [645, 415],
       [713, 483],
       [644, 552]]), array([[645, 415],
       [708, 351],
       [776, 418],
       [713, 483]]), array([[512, 686],
       [576, 622],
       [645, 692],
       [582, 757]]), array([[576, 622],
       [644, 552],
       [714, 621],
       [645, 692]]), array([[644, 552],
       [713, 483],
       [782, 551],
       [714, 621]]), array([[713, 483],
       [776, 418],
       [845, 486],
       [782, 551]]), array([[582, 757],
       [645, 692],
       [709, 756],
       [646, 821]]), array([[645, 692],
       [714, 621],
       [777, 684],
       [709, 756]]), array([[714, 621],
       [782, 551],
       [845, 613],
       [777, 684]]), array([[782, 551],
       [845, 486],
       [908, 548],
       [845, 613]])]