Big box:
[array([363, 589]), array([639, 328]), array([895, 599]), array([624, 860])]

Small boxes:
[array([[363, 589],
       [429, 526],
       [491, 591],
       [426, 654]]), array([[429, 526],
       [501, 458],
       [563, 523],
       [491, 591]]), array([[501, 458],
       [573, 391],
       [634, 455],
       [563, 523]]), array([[573, 391],
       [639, 328],
       [700, 393],
       [634, 455]]), array([[426, 654],
       [491, 591],
       [559, 662],
       [494, 724]]), array([[491, 591],
       [563, 523],
       [630, 594],
       [559, 662]]), array([[563, 523],
       [634, 455],
       [701, 526],
       [630, 594]]), array([[634, 455],
       [700, 393],
       [767, 464],
       [701, 526]]), array([[494, 724],
       [559, 662],
       [627, 733],
       [561, 795]]), array([[559, 662],
       [630, 594],
       [698, 665],
       [627, 733]]), array([[630, 594],
       [701, 526],
       [768, 597],
       [698, 665]]), array([[701, 526],
       [767, 464],
       [834, 534],
       [768, 597]]), array([[561, 795],
       [627, 733],
       [689, 797],
       [624, 860]]), array([[627, 733],
       [698, 665],
       [760, 730],
       [689, 797]]), array([[698, 665],
       [768, 597],
       [830, 662],
       [760, 730]]), array([[768, 597],
       [834, 534],
       [895, 599],
       [830, 662]])]