Big box:
[array([197, 744]), array([307, 371]), array([687, 484]), array([570, 858])]

Small boxes:
[array([[197, 744],
       [223, 655],
       [313, 682],
       [286, 771]]), array([[223, 655],
       [252, 558],
       [342, 585],
       [313, 682]]), array([[252, 558],
       [281, 460],
       [371, 487],
       [342, 585]]), array([[281, 460],
       [307, 371],
       [398, 398],
       [371, 487]]), array([[286, 771],
       [313, 682],
       [411, 712],
       [384, 801]]), array([[313, 682],
       [342, 585],
       [440, 614],
       [411, 712]]), array([[342, 585],
       [371, 487],
       [470, 517],
       [440, 614]]), array([[371, 487],
       [398, 398],
       [497, 428],
       [470, 517]]), array([[384, 801],
       [411, 712],
       [508, 741],
       [481, 831]]), array([[411, 712],
       [440, 614],
       [538, 644],
       [508, 741]]), array([[440, 614],
       [470, 517],
       [568, 546],
       [538, 644]]), array([[470, 517],
       [497, 428],
       [596, 457],
       [568, 546]]), array([[481, 831],
       [508, 741],
       [598, 768],
       [570, 858]]), array([[508, 741],
       [538, 644],
       [628, 671],
       [598, 768]]), array([[538, 644],
       [568, 546],
       [659, 574],
       [628, 671]]), array([[568, 546],
       [596, 457],
       [687, 484],
       [659, 574]])]