Big box:
[array([217, 670]), array([330, 290]), array([708, 407]), array([593, 784])]

Small boxes:
[array([[217, 670],
       [244, 579],
       [334, 606],
       [307, 697]]), array([[244, 579],
       [274, 480],
       [364, 508],
       [334, 606]]), array([[274, 480],
       [303, 381],
       [393, 409],
       [364, 508]]), array([[303, 381],
       [330, 290],
       [421, 318],
       [393, 409]]), array([[307, 697],
       [334, 606],
       [432, 636],
       [405, 727]]), array([[334, 606],
       [364, 508],
       [462, 538],
       [432, 636]]), array([[364, 508],
       [393, 409],
       [492, 439],
       [462, 538]]), array([[393, 409],
       [421, 318],
       [519, 348],
       [492, 439]]), array([[405, 727],
       [432, 636],
       [530, 666],
       [503, 757]]), array([[432, 636],
       [462, 538],
       [560, 568],
       [530, 666]]), array([[462, 538],
       [492, 439],
       [590, 469],
       [560, 568]]), array([[492, 439],
       [519, 348],
       [617, 379],
       [590, 469]]), array([[503, 757],
       [530, 666],
       [621, 694],
       [593, 784]]), array([[530, 666],
       [560, 568],
       [650, 596],
       [621, 694]]), array([[560, 568],
       [590, 469],
       [680, 497],
       [650, 596]]), array([[590, 469],
       [617, 379],
       [708, 407],
       [680, 497]])]