Big box:
[array([268, 515]), array([537, 251]), array([796, 517]), array([531, 778])]

Small boxes:
[array([[268, 515],
       [332, 452],
       [395, 515],
       [331, 578]]), array([[332, 452],
       [402, 383],
       [465, 446],
       [395, 515]]), array([[402, 383],
       [473, 314],
       [535, 378],
       [465, 446]]), array([[473, 314],
       [537, 251],
       [599, 315],
       [535, 378]]), array([[331, 578],
       [395, 515],
       [463, 584],
       [400, 646]]), array([[395, 515],
       [465, 446],
       [533, 515],
       [463, 584]]), array([[465, 446],
       [535, 378],
       [603, 447],
       [533, 515]]), array([[535, 378],
       [599, 315],
       [666, 384],
       [603, 447]]), array([[400, 646],
       [463, 584],
       [532, 652],
       [468, 715]]), array([[463, 584],
       [533, 515],
       [601, 584],
       [532, 652]]), array([[533, 515],
       [603, 447],
       [670, 516],
       [601, 584]]), array([[603, 447],
       [666, 384],
       [734, 453],
       [670, 516]]), array([[468, 715],
       [532, 652],
       [594, 715],
       [531, 778]]), array([[532, 652],
       [601, 584],
       [664, 648],
       [594, 715]]), array([[601, 584],
       [670, 516],
       [733, 580],
       [664, 648]]), array([[670, 516],
       [734, 453],
       [796, 517],
       [733, 580]])]