Big box:
[array([183, 921]), array([260, 527]), array([656, 595]), array([581, 998])]

Small boxes:
[array([[183, 921],
       [201, 827],
       [297, 845],
       [278, 939]]), array([[201, 827],
       [222, 724],
       [317, 741],
       [297, 845]]), array([[222, 724],
       [242, 621],
       [337, 638],
       [317, 741]]), array([[242, 621],
       [260, 527],
       [355, 543],
       [337, 638]]), array([[278, 939],
       [297, 845],
       [400, 864],
       [382, 960]]), array([[297, 845],
       [317, 741],
       [420, 760],
       [400, 864]]), array([[317, 741],
       [337, 638],
       [440, 656],
       [420, 760]]), array([[337, 638],
       [355, 543],
       [458, 561],
       [440, 656]]), array([[382, 960],
       [400, 864],
       [504, 884],
       [486, 980]]), array([[400, 864],
       [420, 760],
       [523, 779],
       [504, 884]]), array([[420, 760],
       [440, 656],
       [543, 675],
       [523, 779]]), array([[440, 656],
       [458, 561],
       [561, 579],
       [543, 675]]), array([[486, 980],
       [504, 884],
       [599, 901],
       [581, 998]]), array([[504, 884],
       [523, 779],
       [618, 796],
       [599, 901]]), array([[523, 779],
       [543, 675],
       [638, 692],
       [618, 796]]), array([[543, 675],
       [561, 579],
       [656, 595],
       [638, 692]])]