Big box:
[array([195, 869]), array([276, 471]), array([666, 542]), array([599, 940])]

Small boxes:
[array([[195, 869],
       [214, 774],
       [310, 791],
       [292, 886]]), array([[214, 774],
       [236, 670],
       [331, 687],
       [310, 791]]), array([[236, 670],
       [257, 566],
       [351, 583],
       [331, 687]]), array([[257, 566],
       [276, 471],
       [369, 488],
       [351, 583]]), array([[292, 886],
       [310, 791],
       [415, 809],
       [397, 904]]), array([[310, 791],
       [331, 687],
       [434, 706],
       [415, 809]]), array([[331, 687],
       [351, 583],
       [453, 602],
       [434, 706]]), array([[351, 583],
       [369, 488],
       [471, 506],
       [453, 602]]), array([[397, 904],
       [415, 809],
       [519, 828],
       [502, 923]]), array([[415, 809],
       [434, 706],
       [537, 724],
       [519, 828]]), array([[434, 706],
       [453, 602],
       [556, 620],
       [537, 724]]), array([[453, 602],
       [471, 506],
       [573, 525],
       [556, 620]]), array([[502, 923],
       [519, 828],
       [615, 845],
       [599, 940]]), array([[519, 828],
       [537, 724],
       [632, 741],
       [615, 845]]), array([[537, 724],
       [556, 620],
       [650, 637],
       [632, 741]]), array([[556, 620],
       [573, 525],
       [666, 542],
       [650, 637]])]