Big box:
[array([173, 906]), array([251, 509]), array([644, 579]), array([568, 983])]

Small boxes:
[array([[173, 906],
       [192, 811],
       [286, 829],
       [268, 924]]), array([[192, 811],
       [212, 708],
       [306, 725],
       [286, 829]]), array([[212, 708],
       [232, 604],
       [327, 621],
       [306, 725]]), array([[232, 604],
       [251, 509],
       [345, 526],
       [327, 621]]), array([[268, 924],
       [286, 829],
       [389, 849],
       [370, 944]]), array([[286, 829],
       [306, 725],
       [409, 744],
       [389, 849]]), array([[306, 725],
       [327, 621],
       [429, 640],
       [409, 744]]), array([[327, 621],
       [345, 526],
       [448, 544],
       [429, 640]]), array([[370, 944],
       [389, 849],
       [492, 868],
       [473, 965]]), array([[389, 849],
       [409, 744],
       [512, 763],
       [492, 868]]), array([[409, 744],
       [429, 640],
       [532, 659],
       [512, 763]]), array([[429, 640],
       [448, 544],
       [550, 562],
       [532, 659]]), array([[473, 965],
       [492, 868],
       [586, 886],
       [568, 983]]), array([[492, 868],
       [512, 763],
       [606, 781],
       [586, 886]]), array([[512, 763],
       [532, 659],
       [626, 676],
       [606, 781]]), array([[532, 659],
       [550, 562],
       [644, 579],
       [626, 676]])]