Big box:
[array([199, 972]), array([282, 564]), array([675, 639]), array([ 605, 1045])]

Small boxes:
[array([[199, 972],
       [219, 874],
       [315, 892],
       [296, 989]]), array([[219, 874],
       [240, 768],
       [336, 786],
       [315, 892]]), array([[240, 768],
       [262, 662],
       [357, 680],
       [336, 786]]), array([[262, 662],
       [282, 564],
       [376, 582],
       [357, 680]]), array([[ 296,  989],
       [ 315,  892],
       [ 420,  911],
       [ 402, 1008]]), array([[315, 892],
       [336, 786],
       [440, 805],
       [420, 911]]), array([[336, 786],
       [357, 680],
       [460, 699],
       [440, 805]]), array([[357, 680],
       [376, 582],
       [478, 602],
       [460, 699]]), array([[ 402, 1008],
       [ 420,  911],
       [ 525,  930],
       [ 508, 1028]]), array([[420, 911],
       [440, 805],
       [544, 824],
       [525, 930]]), array([[440, 805],
       [460, 699],
       [563, 718],
       [544, 824]]), array([[460, 699],
       [478, 602],
       [581, 621],
       [563, 718]]), array([[ 508, 1028],
       [ 525,  930],
       [ 622,  948],
       [ 605, 1045]]), array([[525, 930],
       [544, 824],
       [640, 842],
       [622, 948]]), array([[544, 824],
       [563, 718],
       [658, 736],
       [640, 842]]), array([[563, 718],
       [581, 621],
       [675, 639],
       [658, 736]])]