Big box:
[array([348, 577]), array([620, 316]), array([876, 577]), array([617, 850])]

Small boxes:
[array([[348, 577],
       [413, 514],
       [477, 579],
       [412, 642]]), array([[413, 514],
       [484, 446],
       [547, 510],
       [477, 579]]), array([[484, 446],
       [555, 379],
       [617, 442],
       [547, 510]]), array([[555, 379],
       [620, 316],
       [681, 379],
       [617, 442]]), array([[412, 642],
       [477, 579],
       [546, 650],
       [482, 714]]), array([[477, 579],
       [547, 510],
       [615, 580],
       [546, 650]]), array([[547, 510],
       [617, 442],
       [684, 510],
       [615, 580]]), array([[617, 442],
       [681, 379],
       [748, 446],
       [684, 510]]), array([[482, 714],
       [546, 650],
       [615, 720],
       [553, 785]]), array([[546, 650],
       [615, 580],
       [684, 650],
       [615, 720]]), array([[615, 580],
       [684, 510],
       [752, 579],
       [684, 650]]), array([[684, 510],
       [748, 446],
       [815, 514],
       [752, 579]]), array([[553, 785],
       [615, 720],
       [679, 785],
       [617, 850]]), array([[615, 720],
       [684, 650],
       [746, 714],
       [679, 785]]), array([[684, 650],
       [752, 579],
       [814, 642],
       [746, 714]]), array([[752, 579],
       [815, 514],
       [876, 577],
       [814, 642]])]