Big box:
[array([321, 595]), array([596, 326]), array([853, 590]), array([589, 863])]

Small boxes:
[array([[321, 595],
       [387, 531],
       [450, 595],
       [385, 659]]), array([[387, 531],
       [458, 460],
       [521, 524],
       [450, 595]]), array([[458, 460],
       [530, 390],
       [592, 454],
       [521, 524]]), array([[530, 390],
       [596, 326],
       [658, 389],
       [592, 454]]), array([[385, 659],
       [450, 595],
       [520, 664],
       [455, 729]]), array([[450, 595],
       [521, 524],
       [590, 594],
       [520, 664]]), array([[521, 524],
       [592, 454],
       [660, 523],
       [590, 594]]), array([[592, 454],
       [658, 389],
       [724, 458],
       [660, 523]]), array([[455, 729],
       [520, 664],
       [589, 734],
       [525, 799]]), array([[520, 664],
       [590, 594],
       [658, 663],
       [589, 734]]), array([[590, 594],
       [660, 523],
       [728, 592],
       [658, 663]]), array([[660, 523],
       [724, 458],
       [791, 527],
       [728, 592]]), array([[525, 799],
       [589, 734],
       [652, 798],
       [589, 863]]), array([[589, 734],
       [658, 663],
       [721, 726],
       [652, 798]]), array([[658, 663],
       [728, 592],
       [790, 655],
       [721, 726]]), array([[728, 592],
       [791, 527],
       [853, 590],
       [790, 655]])]