Big box:
[array([198, 970]), array([279, 563]), array([674, 638]), array([ 600, 1047])]

Small boxes:
[array([[198, 970],
       [217, 872],
       [313, 891],
       [294, 988]]), array([[217, 872],
       [238, 766],
       [334, 785],
       [313, 891]]), array([[238, 766],
       [260, 661],
       [355, 679],
       [334, 785]]), array([[260, 661],
       [279, 563],
       [374, 581],
       [355, 679]]), array([[ 294,  988],
       [ 313,  891],
       [ 418,  911],
       [ 399, 1008]]), array([[313, 891],
       [334, 785],
       [438, 804],
       [418, 911]]), array([[334, 785],
       [355, 679],
       [458, 698],
       [438, 804]]), array([[355, 679],
       [374, 581],
       [476, 600],
       [458, 698]]), array([[ 399, 1008],
       [ 418,  911],
       [ 522,  931],
       [ 504, 1029]]), array([[418, 911],
       [438, 804],
       [542, 824],
       [522, 931]]), array([[438, 804],
       [458, 698],
       [561, 718],
       [542, 824]]), array([[458, 698],
       [476, 600],
       [579, 620],
       [561, 718]]), array([[ 504, 1029],
       [ 522,  931],
       [ 618,  949],
       [ 600, 1047]]), array([[522, 931],
       [542, 824],
       [637, 842],
       [618, 949]]), array([[542, 824],
       [561, 718],
       [656, 736],
       [637, 842]]), array([[561, 718],
       [579, 620],
       [674, 638],
       [656, 736]])]