Big box:
[array([190, 958]), array([274, 547]), array([666, 623]), array([ 600, 1021])]

Small boxes:
[array([[190, 958],
       [210, 860],
       [307, 875],
       [288, 973]]), array([[210, 860],
       [232, 752],
       [328, 769],
       [307, 875]]), array([[232, 752],
       [254, 645],
       [349, 663],
       [328, 769]]), array([[254, 645],
       [274, 547],
       [368, 565],
       [349, 663]]), array([[288, 973],
       [307, 875],
       [413, 893],
       [395, 990]]), array([[307, 875],
       [328, 769],
       [432, 787],
       [413, 893]]), array([[328, 769],
       [349, 663],
       [452, 682],
       [432, 787]]), array([[349, 663],
       [368, 565],
       [470, 585],
       [452, 682]]), array([[ 395,  990],
       [ 413,  893],
       [ 519,  910],
       [ 502, 1006]]), array([[413, 893],
       [432, 787],
       [537, 805],
       [519, 910]]), array([[432, 787],
       [452, 682],
       [555, 701],
       [537, 805]]), array([[452, 682],
       [470, 585],
       [572, 605],
       [555, 701]]), array([[ 502, 1006],
       [ 519,  910],
       [ 616,  926],
       [ 600, 1021]]), array([[519, 910],
       [537, 805],
       [633, 822],
       [616, 926]]), array([[537, 805],
       [555, 701],
       [650, 718],
       [633, 822]]), array([[555, 701],
       [572, 605],
       [666, 623],
       [650, 718]])]