Big box:
[array([219, 740]), array([330, 377]), array([690, 494]), array([576, 854])]

Small boxes:
[array([[219, 740],
       [246, 653],
       [331, 681],
       [305, 767]]), array([[246, 653],
       [274, 558],
       [360, 586],
       [331, 681]]), array([[274, 558],
       [303, 464],
       [389, 492],
       [360, 586]]), array([[303, 464],
       [330, 377],
       [416, 405],
       [389, 492]]), array([[305, 767],
       [331, 681],
       [424, 710],
       [398, 797]]), array([[331, 681],
       [360, 586],
       [454, 616],
       [424, 710]]), array([[360, 586],
       [389, 492],
       [483, 522],
       [454, 616]]), array([[389, 492],
       [416, 405],
       [510, 436],
       [483, 522]]), array([[398, 797],
       [424, 710],
       [518, 740],
       [490, 827]]), array([[424, 710],
       [454, 616],
       [547, 646],
       [518, 740]]), array([[454, 616],
       [483, 522],
       [577, 552],
       [547, 646]]), array([[483, 522],
       [510, 436],
       [604, 466],
       [577, 552]]), array([[490, 827],
       [518, 740],
       [603, 768],
       [576, 854]]), array([[518, 740],
       [547, 646],
       [633, 674],
       [603, 768]]), array([[547, 646],
       [577, 552],
       [663, 580],
       [633, 674]]), array([[577, 552],
       [604, 466],
       [690, 494],
       [663, 580]])]