Big box:
[array([210, 731]), array([323, 360]), array([700, 475]), array([582, 846])]

Small boxes:
[array([[210, 731],
       [237, 642],
       [326, 670],
       [299, 759]]), array([[237, 642],
       [266, 546],
       [356, 573],
       [326, 670]]), array([[266, 546],
       [296, 449],
       [386, 476],
       [356, 573]]), array([[296, 449],
       [323, 360],
       [413, 388],
       [386, 476]]), array([[299, 759],
       [326, 670],
       [424, 700],
       [396, 788]]), array([[326, 670],
       [356, 573],
       [454, 603],
       [424, 700]]), array([[356, 573],
       [386, 476],
       [484, 506],
       [454, 603]]), array([[386, 476],
       [413, 388],
       [512, 418],
       [484, 506]]), array([[396, 788],
       [424, 700],
       [521, 730],
       [493, 818]]), array([[424, 700],
       [454, 603],
       [551, 633],
       [521, 730]]), array([[454, 603],
       [484, 506],
       [582, 536],
       [551, 633]]), array([[484, 506],
       [512, 418],
       [610, 447],
       [582, 536]]), array([[493, 818],
       [521, 730],
       [610, 757],
       [582, 846]]), array([[521, 730],
       [551, 633],
       [641, 660],
       [610, 757]]), array([[551, 633],
       [582, 536],
       [672, 564],
       [641, 660]]), array([[582, 536],
       [610, 447],
       [700, 475],
       [672, 564]])]