Big box:
[array([167, 939]), array([247, 531]), array([640, 607]), array([ 565, 1008])]

Small boxes:
[array([[167, 939],
       [186, 841],
       [281, 858],
       [262, 956]]), array([[186, 841],
       [207, 735],
       [302, 752],
       [281, 858]]), array([[207, 735],
       [228, 629],
       [322, 647],
       [302, 752]]), array([[228, 629],
       [247, 531],
       [341, 549],
       [322, 647]]), array([[262, 956],
       [281, 858],
       [385, 877],
       [366, 974]]), array([[281, 858],
       [302, 752],
       [405, 771],
       [385, 877]]), array([[302, 752],
       [322, 647],
       [425, 666],
       [405, 771]]), array([[322, 647],
       [341, 549],
       [444, 569],
       [425, 666]]), array([[366, 974],
       [385, 877],
       [488, 895],
       [470, 991]]), array([[385, 877],
       [405, 771],
       [508, 790],
       [488, 895]]), array([[405, 771],
       [425, 666],
       [528, 685],
       [508, 790]]), array([[425, 666],
       [444, 569],
       [546, 589],
       [528, 685]]), array([[ 470,  991],
       [ 488,  895],
       [ 583,  912],
       [ 565, 1008]]), array([[488, 895],
       [508, 790],
       [602, 808],
       [583, 912]]), array([[508, 790],
       [528, 685],
       [622, 703],
       [602, 808]]), array([[528, 685],
       [546, 589],
       [640, 607],
       [622, 703]])]