Big box:
[array([175, 966]), array([258, 561]), array([650, 632]), array([ 581, 1042])]

Small boxes:
[array([[175, 966],
       [195, 869],
       [291, 887],
       [272, 984]]), array([[195, 869],
       [216, 764],
       [312, 781],
       [291, 887]]), array([[216, 764],
       [238, 658],
       [333, 675],
       [312, 781]]), array([[238, 658],
       [258, 561],
       [352, 578],
       [333, 675]]), array([[ 272,  984],
       [ 291,  887],
       [ 396,  906],
       [ 378, 1004]]), array([[291, 887],
       [312, 781],
       [416, 800],
       [396, 906]]), array([[312, 781],
       [333, 675],
       [436, 694],
       [416, 800]]), array([[333, 675],
       [352, 578],
       [454, 596],
       [436, 694]]), array([[ 378, 1004],
       [ 396,  906],
       [ 501,  926],
       [ 484, 1024]]), array([[396, 906],
       [416, 800],
       [520, 819],
       [501, 926]]), array([[416, 800],
       [436, 694],
       [539, 713],
       [520, 819]]), array([[436, 694],
       [454, 596],
       [556, 615],
       [539, 713]]), array([[ 484, 1024],
       [ 501,  926],
       [ 598,  944],
       [ 581, 1042]]), array([[501, 926],
       [520, 819],
       [616, 837],
       [598, 944]]), array([[520, 819],
       [539, 713],
       [633, 730],
       [616, 837]]), array([[539, 713],
       [556, 615],
       [650, 632],
       [633, 730]])]