Big box:
[array([159, 962]), array([240, 560]), array([639, 628]), array([ 565, 1039])]

Small boxes:
[array([[159, 962],
       [178, 866],
       [275, 884],
       [256, 980]]), array([[178, 866],
       [200, 761],
       [296, 778],
       [275, 884]]), array([[200, 761],
       [221, 656],
       [317, 673],
       [296, 778]]), array([[221, 656],
       [240, 560],
       [336, 576],
       [317, 673]]), array([[ 256,  980],
       [ 275,  884],
       [ 381,  903],
       [ 362, 1000]]), array([[275, 884],
       [296, 778],
       [401, 797],
       [381, 903]]), array([[296, 778],
       [317, 673],
       [421, 691],
       [401, 797]]), array([[317, 673],
       [336, 576],
       [440, 594],
       [421, 691]]), array([[ 362, 1000],
       [ 381,  903],
       [ 486,  923],
       [ 468, 1021]]), array([[381, 903],
       [401, 797],
       [506, 816],
       [486, 923]]), array([[401, 797],
       [421, 691],
       [525, 710],
       [506, 816]]), array([[421, 691],
       [440, 594],
       [543, 612],
       [525, 710]]), array([[ 468, 1021],
       [ 486,  923],
       [ 583,  941],
       [ 565, 1039]]), array([[486, 923],
       [506, 816],
       [602, 834],
       [583, 941]]), array([[506, 816],
       [525, 710],
       [621, 726],
       [602, 834]]), array([[525, 710],
       [543, 612],
       [639, 628],
       [621, 726]])]