Big box:
[array([163, 691]), array([281, 311]), array([656, 434]), array([543, 807])]

Small boxes:
[array([[163, 691],
       [191, 600],
       [282, 628],
       [254, 719]]), array([[191, 600],
       [222, 501],
       [312, 530],
       [282, 628]]), array([[222, 501],
       [253, 402],
       [343, 431],
       [312, 530]]), array([[253, 402],
       [281, 311],
       [371, 340],
       [343, 431]]), array([[254, 719],
       [282, 628],
       [381, 659],
       [353, 749]]), array([[282, 628],
       [312, 530],
       [411, 561],
       [381, 659]]), array([[312, 530],
       [343, 431],
       [441, 463],
       [411, 561]]), array([[343, 431],
       [371, 340],
       [468, 372],
       [441, 463]]), array([[353, 749],
       [381, 659],
       [479, 689],
       [452, 779]]), array([[381, 659],
       [411, 561],
       [509, 592],
       [479, 689]]), array([[411, 561],
       [441, 463],
       [539, 494],
       [509, 592]]), array([[441, 463],
       [468, 372],
       [566, 405],
       [539, 494]]), array([[452, 779],
       [479, 689],
       [570, 718],
       [543, 807]]), array([[479, 689],
       [509, 592],
       [600, 620],
       [570, 718]]), array([[509, 592],
       [539, 494],
       [629, 523],
       [600, 620]]), array([[539, 494],
       [566, 405],
       [656, 434],
       [629, 523]])]