Big box:
[array([288, 507]), array([567, 255]), array([817, 519]), array([551, 783])]

Small boxes:
[array([[288, 507],
       [355, 447],
       [417, 512],
       [351, 573]]), array([[355, 447],
       [428, 381],
       [489, 446],
       [417, 512]]), array([[428, 381],
       [500, 315],
       [561, 379],
       [489, 446]]), array([[500, 315],
       [567, 255],
       [627, 318],
       [561, 379]]), array([[351, 573],
       [417, 512],
       [485, 583],
       [420, 645]]), array([[417, 512],
       [489, 446],
       [556, 516],
       [485, 583]]), array([[489, 446],
       [561, 379],
       [627, 449],
       [556, 516]]), array([[561, 379],
       [627, 318],
       [692, 387],
       [627, 449]]), array([[420, 645],
       [485, 583],
       [552, 654],
       [488, 717]]), array([[485, 583],
       [556, 516],
       [623, 586],
       [552, 654]]), array([[556, 516],
       [627, 449],
       [693, 518],
       [623, 586]]), array([[627, 449],
       [692, 387],
       [757, 456],
       [693, 518]]), array([[488, 717],
       [552, 654],
       [615, 720],
       [551, 783]]), array([[552, 654],
       [623, 586],
       [684, 651],
       [615, 720]]), array([[623, 586],
       [693, 518],
       [753, 582],
       [684, 651]]), array([[693, 518],
       [757, 456],
       [817, 519],
       [753, 582]])]