Big box:
[array([177, 935]), array([259, 535]), array([653, 608]), array([ 579, 1013])]

Small boxes:
[array([[177, 935],
       [197, 839],
       [292, 858],
       [273, 954]]), array([[197, 839],
       [218, 735],
       [313, 753],
       [292, 858]]), array([[218, 735],
       [239, 631],
       [334, 649],
       [313, 753]]), array([[239, 631],
       [259, 535],
       [353, 552],
       [334, 649]]), array([[273, 954],
       [292, 858],
       [397, 878],
       [378, 974]]), array([[292, 858],
       [313, 753],
       [417, 773],
       [397, 878]]), array([[313, 753],
       [334, 649],
       [437, 668],
       [417, 773]]), array([[334, 649],
       [353, 552],
       [456, 572],
       [437, 668]]), array([[378, 974],
       [397, 878],
       [501, 898],
       [483, 994]]), array([[397, 878],
       [417, 773],
       [521, 792],
       [501, 898]]), array([[417, 773],
       [437, 668],
       [540, 687],
       [521, 792]]), array([[437, 668],
       [456, 572],
       [559, 591],
       [540, 687]]), array([[ 483,  994],
       [ 501,  898],
       [ 597,  916],
       [ 579, 1013]]), array([[501, 898],
       [521, 792],
       [616, 810],
       [597, 916]]), array([[521, 792],
       [540, 687],
       [635, 705],
       [616, 810]]), array([[540, 687],
       [559, 591],
       [653, 608],
       [635, 705]])]