Big box:
[array([202, 918]), array([275, 520]), array([673, 590]), array([596, 993])]

Small boxes:
[array([[202, 918],
       [219, 823],
       [314, 840],
       [296, 936]]), array([[219, 823],
       [238, 719],
       [333, 736],
       [314, 840]]), array([[238, 719],
       [258, 615],
       [353, 632],
       [333, 736]]), array([[258, 615],
       [275, 520],
       [370, 537],
       [353, 632]]), array([[296, 936],
       [314, 840],
       [417, 860],
       [399, 956]]), array([[314, 840],
       [333, 736],
       [436, 755],
       [417, 860]]), array([[333, 736],
       [353, 632],
       [456, 651],
       [436, 755]]), array([[353, 632],
       [370, 537],
       [474, 555],
       [456, 651]]), array([[399, 956],
       [417, 860],
       [520, 879],
       [502, 975]]), array([[417, 860],
       [436, 755],
       [540, 774],
       [520, 879]]), array([[436, 755],
       [456, 651],
       [559, 669],
       [540, 774]]), array([[456, 651],
       [474, 555],
       [578, 573],
       [559, 669]]), array([[502, 975],
       [520, 879],
       [614, 896],
       [596, 993]]), array([[520, 879],
       [540, 774],
       [634, 792],
       [614, 896]]), array([[540, 774],
       [559, 669],
       [655, 687],
       [634, 792]]), array([[559, 669],
       [578, 573],
       [673, 590],
       [655, 687]])]