Big box:
[array([163, 900]), array([240, 506]), array([635, 574]), array([565, 977])]

Small boxes:
[array([[163, 900],
       [181, 806],
       [277, 824],
       [259, 918]]), array([[181, 806],
       [202, 703],
       [297, 720],
       [277, 824]]), array([[202, 703],
       [222, 600],
       [317, 617],
       [297, 720]]), array([[222, 600],
       [240, 506],
       [335, 522],
       [317, 617]]), array([[259, 918],
       [277, 824],
       [382, 843],
       [364, 938]]), array([[277, 824],
       [297, 720],
       [401, 739],
       [382, 843]]), array([[297, 720],
       [317, 617],
       [420, 635],
       [401, 739]]), array([[317, 617],
       [335, 522],
       [438, 540],
       [420, 635]]), array([[364, 938],
       [382, 843],
       [486, 863],
       [469, 959]]), array([[382, 843],
       [401, 739],
       [505, 758],
       [486, 863]]), array([[401, 739],
       [420, 635],
       [523, 654],
       [505, 758]]), array([[420, 635],
       [438, 540],
       [540, 558],
       [523, 654]]), array([[469, 959],
       [486, 863],
       [582, 880],
       [565, 977]]), array([[486, 863],
       [505, 758],
       [600, 776],
       [582, 880]]), array([[505, 758],
       [523, 654],
       [618, 671],
       [600, 776]]), array([[523, 654],
       [540, 558],
       [635, 574],
       [618, 671]])]