Big box:
[array([200, 735]), array([312, 359]), array([689, 474]), array([573, 847])]

Small boxes:
[array([[200, 735],
       [227, 645],
       [316, 672],
       [289, 762]]), array([[227, 645],
       [256, 547],
       [346, 574],
       [316, 672]]), array([[256, 547],
       [285, 449],
       [375, 476],
       [346, 574]]), array([[285, 449],
       [312, 359],
       [402, 387],
       [375, 476]]), array([[289, 762],
       [316, 672],
       [414, 701],
       [386, 791]]), array([[316, 672],
       [346, 574],
       [444, 604],
       [414, 701]]), array([[346, 574],
       [375, 476],
       [473, 506],
       [444, 604]]), array([[375, 476],
       [402, 387],
       [500, 416],
       [473, 506]]), array([[386, 791],
       [414, 701],
       [511, 731],
       [484, 820]]), array([[414, 701],
       [444, 604],
       [541, 633],
       [511, 731]]), array([[444, 604],
       [473, 506],
       [571, 536],
       [541, 633]]), array([[473, 506],
       [500, 416],
       [599, 446],
       [571, 536]]), array([[484, 820],
       [511, 731],
       [601, 758],
       [573, 847]]), array([[511, 731],
       [541, 633],
       [631, 660],
       [601, 758]]), array([[541, 633],
       [571, 536],
       [661, 563],
       [631, 660]]), array([[571, 536],
       [599, 446],
       [689, 474],
       [661, 563]])]