Big box:
[array([202, 745]), array([320, 381]), array([685, 497]), array([570, 862])]

Small boxes:
[array([[202, 745],
       [230, 658],
       [318, 686],
       [290, 773]]), array([[230, 658],
       [261, 563],
       [349, 591],
       [318, 686]]), array([[261, 563],
       [292, 468],
       [379, 496],
       [349, 591]]), array([[292, 468],
       [320, 381],
       [407, 409],
       [379, 496]]), array([[290, 773],
       [318, 686],
       [414, 716],
       [386, 804]]), array([[318, 686],
       [349, 591],
       [444, 621],
       [414, 716]]), array([[349, 591],
       [379, 496],
       [475, 526],
       [444, 621]]), array([[379, 496],
       [407, 409],
       [502, 439],
       [475, 526]]), array([[386, 804],
       [414, 716],
       [510, 747],
       [482, 834]]), array([[414, 716],
       [444, 621],
       [540, 652],
       [510, 747]]), array([[444, 621],
       [475, 526],
       [570, 557],
       [540, 652]]), array([[475, 526],
       [502, 439],
       [598, 469],
       [570, 557]]), array([[482, 834],
       [510, 747],
       [598, 775],
       [570, 862]]), array([[510, 747],
       [540, 652],
       [628, 680],
       [598, 775]]), array([[540, 652],
       [570, 557],
       [657, 584],
       [628, 680]]), array([[570, 557],
       [598, 469],
       [685, 497],
       [657, 584]])]