Big box:
[array([216, 696]), array([329, 328]), array([705, 439]), array([591, 813])]

Small boxes:
[array([[216, 696],
       [243, 608],
       [333, 636],
       [306, 724]]), array([[243, 608],
       [272, 512],
       [362, 539],
       [333, 636]]), array([[272, 512],
       [302, 416],
       [392, 443],
       [362, 539]]), array([[302, 416],
       [329, 328],
       [419, 355],
       [392, 443]]), array([[306, 724],
       [333, 636],
       [431, 666],
       [404, 754]]), array([[333, 636],
       [362, 539],
       [460, 569],
       [431, 666]]), array([[362, 539],
       [392, 443],
       [490, 472],
       [460, 569]]), array([[392, 443],
       [419, 355],
       [517, 384],
       [490, 472]]), array([[404, 754],
       [431, 666],
       [528, 696],
       [501, 785]]), array([[431, 666],
       [460, 569],
       [558, 599],
       [528, 696]]), array([[460, 569],
       [490, 472],
       [588, 502],
       [558, 599]]), array([[490, 472],
       [517, 384],
       [615, 412],
       [588, 502]]), array([[501, 785],
       [528, 696],
       [618, 723],
       [591, 813]]), array([[528, 696],
       [558, 599],
       [648, 626],
       [618, 723]]), array([[558, 599],
       [588, 502],
       [678, 529],
       [648, 626]]), array([[588, 502],
       [615, 412],
       [705, 439],
       [678, 529]])]