Big box:
[array([209, 972]), array([290, 565]), array([683, 638]), array([ 613, 1048])]

Small boxes:
[array([[209, 972],
       [228, 874],
       [325, 893],
       [306, 990]]), array([[228, 874],
       [250, 768],
       [345, 786],
       [325, 893]]), array([[250, 768],
       [271, 663],
       [365, 680],
       [345, 786]]), array([[271, 663],
       [290, 565],
       [384, 582],
       [365, 680]]), array([[ 306,  990],
       [ 325,  893],
       [ 429,  912],
       [ 411, 1010]]), array([[325, 893],
       [345, 786],
       [449, 806],
       [429, 912]]), array([[345, 786],
       [365, 680],
       [468, 699],
       [449, 806]]), array([[365, 680],
       [384, 582],
       [486, 602],
       [468, 699]]), array([[ 411, 1010],
       [ 429,  912],
       [ 534,  932],
       [ 516, 1030]]), array([[429, 912],
       [449, 806],
       [553, 825],
       [534, 932]]), array([[449, 806],
       [468, 699],
       [571, 719],
       [553, 825]]), array([[468, 699],
       [486, 602],
       [589, 621],
       [571, 719]]), array([[ 516, 1030],
       [ 534,  932],
       [ 630,  950],
       [ 613, 1048]]), array([[534, 932],
       [553, 825],
       [648, 843],
       [630, 950]]), array([[553, 825],
       [571, 719],
       [666, 736],
       [648, 843]]), array([[571, 719],
       [589, 621],
       [683, 638],
       [666, 736]])]