Big box:
[array([326, 560]), array([645, 322]), array([877, 641]), array([557, 879])]

Small boxes:
[array([[326, 560],
       [402, 503],
       [458, 579],
       [381, 636]]), array([[402, 503],
       [486, 441],
       [541, 517],
       [458, 579]]), array([[486, 441],
       [569, 379],
       [624, 455],
       [541, 517]]), array([[569, 379],
       [645, 322],
       [701, 398],
       [624, 455]]), array([[381, 636],
       [458, 579],
       [518, 662],
       [442, 720]]), array([[458, 579],
       [541, 517],
       [601, 600],
       [518, 662]]), array([[541, 517],
       [624, 455],
       [684, 539],
       [601, 600]]), array([[624, 455],
       [701, 398],
       [761, 482],
       [684, 539]]), array([[442, 720],
       [518, 662],
       [578, 746],
       [502, 803]]), array([[518, 662],
       [601, 600],
       [662, 684],
       [578, 746]]), array([[601, 600],
       [684, 539],
       [745, 622],
       [662, 684]]), array([[684, 539],
       [761, 482],
       [821, 565],
       [745, 622]]), array([[502, 803],
       [578, 746],
       [634, 822],
       [557, 879]]), array([[578, 746],
       [662, 684],
       [717, 760],
       [634, 822]]), array([[662, 684],
       [745, 622],
       [800, 698],
       [717, 760]]), array([[745, 622],
       [821, 565],
       [877, 641],
       [800, 698]])]