Big box:
[array([329, 544]), array([598, 282]), array([856, 537]), array([598, 809])]

Small boxes:
[array([[329, 544],
       [393, 481],
       [457, 544],
       [393, 607]]), array([[393, 481],
       [464, 413],
       [527, 475],
       [457, 544]]), array([[464, 413],
       [534, 345],
       [596, 406],
       [527, 475]]), array([[534, 345],
       [598, 282],
       [660, 343],
       [596, 406]]), array([[393, 607],
       [457, 544],
       [527, 613],
       [464, 676]]), array([[457, 544],
       [527, 475],
       [595, 543],
       [527, 613]]), array([[527, 475],
       [596, 406],
       [664, 473],
       [595, 543]]), array([[596, 406],
       [660, 343],
       [727, 410],
       [664, 473]]), array([[464, 676],
       [527, 613],
       [596, 681],
       [534, 746]]), array([[527, 613],
       [595, 543],
       [664, 611],
       [596, 681]]), array([[595, 543],
       [664, 473],
       [732, 540],
       [664, 611]]), array([[664, 473],
       [727, 410],
       [794, 476],
       [732, 540]]), array([[534, 746],
       [596, 681],
       [660, 744],
       [598, 809]]), array([[596, 681],
       [664, 611],
       [727, 673],
       [660, 744]]), array([[664, 611],
       [732, 540],
       [794, 602],
       [727, 673]]), array([[732, 540],
       [794, 476],
       [856, 537],
       [794, 602]])]