Big box:
[array([182, 944]), array([268, 538]), array([657, 611]), array([ 592, 1016])]

Small boxes:
[array([[182, 944],
       [203, 847],
       [300, 864],
       [280, 961]]), array([[203, 847],
       [225, 741],
       [321, 758],
       [300, 864]]), array([[225, 741],
       [247, 635],
       [342, 653],
       [321, 758]]), array([[247, 635],
       [268, 538],
       [361, 555],
       [342, 653]]), array([[280, 961],
       [300, 864],
       [405, 883],
       [387, 980]]), array([[300, 864],
       [321, 758],
       [425, 777],
       [405, 883]]), array([[321, 758],
       [342, 653],
       [444, 672],
       [425, 777]]), array([[342, 653],
       [361, 555],
       [462, 574],
       [444, 672]]), array([[387, 980],
       [405, 883],
       [511, 902],
       [494, 999]]), array([[405, 883],
       [425, 777],
       [529, 796],
       [511, 902]]), array([[425, 777],
       [444, 672],
       [547, 691],
       [529, 796]]), array([[444, 672],
       [462, 574],
       [564, 594],
       [547, 691]]), array([[ 494,  999],
       [ 511,  902],
       [ 608,  919],
       [ 592, 1016]]), array([[511, 902],
       [529, 796],
       [624, 814],
       [608, 919]]), array([[529, 796],
       [547, 691],
       [641, 708],
       [624, 814]]), array([[547, 691],
       [564, 594],
       [657, 611],
       [641, 708]])]