Big box:
[array([272, 585]), array([544, 311]), array([810, 578]), array([545, 854])]

Small boxes:
[array([[272, 585],
       [337, 519],
       [402, 584],
       [337, 649]]), array([[337, 519],
       [408, 448],
       [473, 512],
       [402, 584]]), array([[408, 448],
       [479, 377],
       [543, 441],
       [473, 512]]), array([[479, 377],
       [544, 311],
       [608, 375],
       [543, 441]]), array([[337, 649],
       [402, 584],
       [473, 654],
       [408, 720]]), array([[402, 584],
       [473, 512],
       [543, 582],
       [473, 654]]), array([[473, 512],
       [543, 441],
       [613, 510],
       [543, 582]]), array([[543, 441],
       [608, 375],
       [677, 444],
       [613, 510]]), array([[408, 720],
       [473, 654],
       [543, 724],
       [480, 790]]), array([[473, 654],
       [543, 582],
       [613, 652],
       [543, 724]]), array([[543, 582],
       [613, 510],
       [682, 580],
       [613, 652]]), array([[613, 510],
       [677, 444],
       [746, 514],
       [682, 580]]), array([[480, 790],
       [543, 724],
       [608, 788],
       [545, 854]]), array([[543, 724],
       [613, 652],
       [678, 716],
       [608, 788]]), array([[613, 652],
       [682, 580],
       [747, 644],
       [678, 716]]), array([[682, 580],
       [746, 514],
       [810, 578],
       [747, 644]])]