Big box:
[array([158, 917]), array([242, 516]), array([634, 588]), array([565, 994])]

Small boxes:
[array([[158, 917],
       [178, 821],
       [275, 839],
       [256, 935]]), array([[178, 821],
       [200, 716],
       [296, 734],
       [275, 839]]), array([[200, 716],
       [222, 612],
       [317, 630],
       [296, 734]]), array([[222, 612],
       [242, 516],
       [336, 533],
       [317, 630]]), array([[256, 935],
       [275, 839],
       [380, 859],
       [362, 956]]), array([[275, 839],
       [296, 734],
       [400, 754],
       [380, 859]]), array([[296, 734],
       [317, 630],
       [420, 649],
       [400, 754]]), array([[317, 630],
       [336, 533],
       [438, 552],
       [420, 649]]), array([[362, 956],
       [380, 859],
       [485, 879],
       [467, 976]]), array([[380, 859],
       [400, 754],
       [504, 773],
       [485, 879]]), array([[400, 754],
       [420, 649],
       [523, 668],
       [504, 773]]), array([[420, 649],
       [438, 552],
       [540, 571],
       [523, 668]]), array([[467, 976],
       [485, 879],
       [582, 897],
       [565, 994]]), array([[485, 879],
       [504, 773],
       [600, 791],
       [582, 897]]), array([[504, 773],
       [523, 668],
       [617, 685],
       [600, 791]]), array([[523, 668],
       [540, 571],
       [634, 588],
       [617, 685]])]