Big box:
[array([202, 872]), array([282, 475]), array([671, 549]), array([606, 945])]

Small boxes:
[array([[202, 872],
       [221, 777],
       [317, 794],
       [299, 889]]), array([[221, 777],
       [242, 674],
       [337, 691],
       [317, 794]]), array([[242, 674],
       [263, 570],
       [357, 588],
       [337, 691]]), array([[263, 570],
       [282, 475],
       [375, 493],
       [357, 588]]), array([[299, 889],
       [317, 794],
       [421, 814],
       [404, 908]]), array([[317, 794],
       [337, 691],
       [440, 710],
       [421, 814]]), array([[337, 691],
       [357, 588],
       [459, 607],
       [440, 710]]), array([[357, 588],
       [375, 493],
       [476, 512],
       [459, 607]]), array([[404, 908],
       [421, 814],
       [526, 833],
       [509, 928]]), array([[421, 814],
       [440, 710],
       [544, 729],
       [526, 833]]), array([[440, 710],
       [459, 607],
       [561, 626],
       [544, 729]]), array([[459, 607],
       [476, 512],
       [578, 531],
       [561, 626]]), array([[509, 928],
       [526, 833],
       [622, 850],
       [606, 945]]), array([[526, 833],
       [544, 729],
       [638, 747],
       [622, 850]]), array([[544, 729],
       [561, 626],
       [655, 644],
       [638, 747]]), array([[561, 626],
       [578, 531],
       [671, 549],
       [655, 644]])]