Big box:
[array([160, 903]), array([244, 505]), array([637, 575]), array([567, 979])]

Small boxes:
[array([[160, 903],
       [180, 808],
       [277, 826],
       [258, 921]]), array([[180, 808],
       [202, 704],
       [298, 721],
       [277, 826]]), array([[202, 704],
       [224, 600],
       [319, 617],
       [298, 721]]), array([[224, 600],
       [244, 505],
       [338, 522],
       [319, 617]]), array([[258, 921],
       [277, 826],
       [382, 845],
       [364, 941]]), array([[277, 826],
       [298, 721],
       [402, 740],
       [382, 845]]), array([[298, 721],
       [319, 617],
       [422, 636],
       [402, 740]]), array([[319, 617],
       [338, 522],
       [440, 540],
       [422, 636]]), array([[364, 941],
       [382, 845],
       [487, 864],
       [469, 961]]), array([[382, 845],
       [402, 740],
       [506, 760],
       [487, 864]]), array([[402, 740],
       [422, 636],
       [525, 655],
       [506, 760]]), array([[422, 636],
       [440, 540],
       [543, 558],
       [525, 655]]), array([[469, 961],
       [487, 864],
       [584, 882],
       [567, 979]]), array([[487, 864],
       [506, 760],
       [602, 777],
       [584, 882]]), array([[506, 760],
       [525, 655],
       [620, 672],
       [602, 777]]), array([[525, 655],
       [543, 558],
       [637, 575],
       [620, 672]])]