Big box:
[array([196, 904]), array([275, 510]), array([668, 579]), array([596, 981])]

Small boxes:
[array([[196, 904],
       [215, 810],
       [310, 828],
       [292, 922]]), array([[215, 810],
       [236, 707],
       [330, 724],
       [310, 828]]), array([[236, 707],
       [256, 604],
       [351, 621],
       [330, 724]]), array([[256, 604],
       [275, 510],
       [369, 527],
       [351, 621]]), array([[292, 922],
       [310, 828],
       [414, 847],
       [396, 942]]), array([[310, 828],
       [330, 724],
       [434, 744],
       [414, 847]]), array([[330, 724],
       [351, 621],
       [453, 640],
       [434, 744]]), array([[351, 621],
       [369, 527],
       [472, 544],
       [453, 640]]), array([[396, 942],
       [414, 847],
       [518, 867],
       [500, 963]]), array([[414, 847],
       [434, 744],
       [537, 763],
       [518, 867]]), array([[434, 744],
       [453, 640],
       [556, 658],
       [537, 763]]), array([[453, 640],
       [472, 544],
       [574, 562],
       [556, 658]]), array([[500, 963],
       [518, 867],
       [613, 885],
       [596, 981]]), array([[518, 867],
       [537, 763],
       [632, 780],
       [613, 885]]), array([[537, 763],
       [556, 658],
       [651, 675],
       [632, 780]]), array([[556, 658],
       [574, 562],
       [668, 579],
       [651, 675]])]