Big box:
[array([177, 941]), array([259, 537]), array([650, 609]), array([ 585, 1014])]

Small boxes:
[array([[177, 941],
       [197, 844],
       [293, 862],
       [275, 958]]), array([[197, 844],
       [218, 739],
       [314, 756],
       [293, 862]]), array([[218, 739],
       [239, 634],
       [334, 651],
       [314, 756]]), array([[239, 634],
       [259, 537],
       [353, 554],
       [334, 651]]), array([[275, 958],
       [293, 862],
       [399, 881],
       [381, 978]]), array([[293, 862],
       [314, 756],
       [418, 775],
       [399, 881]]), array([[314, 756],
       [334, 651],
       [437, 670],
       [418, 775]]), array([[334, 651],
       [353, 554],
       [454, 573],
       [437, 670]]), array([[381, 978],
       [399, 881],
       [504, 900],
       [487, 997]]), array([[399, 881],
       [418, 775],
       [522, 794],
       [504, 900]]), array([[418, 775],
       [437, 670],
       [540, 689],
       [522, 794]]), array([[437, 670],
       [454, 573],
       [556, 592],
       [540, 689]]), array([[ 487,  997],
       [ 504,  900],
       [ 601,  917],
       [ 585, 1014]]), array([[504, 900],
       [522, 794],
       [618, 812],
       [601, 917]]), array([[522, 794],
       [540, 689],
       [634, 706],
       [618, 812]]), array([[540, 689],
       [556, 592],
       [650, 609],
       [634, 706]])]