Big box:
[array([276, 528]), array([557, 269]), array([808, 537]), array([538, 801])]

Small boxes:
[array([[276, 528],
       [343, 466],
       [405, 531],
       [339, 593]]), array([[343, 466],
       [416, 398],
       [478, 463],
       [405, 531]]), array([[416, 398],
       [490, 331],
       [550, 396],
       [478, 463]]), array([[490, 331],
       [557, 269],
       [617, 333],
       [550, 396]]), array([[339, 593],
       [405, 531],
       [473, 602],
       [407, 664]]), array([[405, 531],
       [478, 463],
       [545, 534],
       [473, 602]]), array([[478, 463],
       [550, 396],
       [616, 466],
       [545, 534]]), array([[550, 396],
       [617, 333],
       [682, 403],
       [616, 466]]), array([[407, 664],
       [473, 602],
       [541, 673],
       [475, 736]]), array([[473, 602],
       [545, 534],
       [612, 604],
       [541, 673]]), array([[545, 534],
       [616, 466],
       [683, 536],
       [612, 604]]), array([[616, 466],
       [682, 403],
       [748, 473],
       [683, 536]]), array([[475, 736],
       [541, 673],
       [603, 738],
       [538, 801]]), array([[541, 673],
       [612, 604],
       [673, 669],
       [603, 738]]), array([[612, 604],
       [683, 536],
       [743, 600],
       [673, 669]]), array([[683, 536],
       [748, 473],
       [808, 537],
       [743, 600]])]