Big box:
[array([269, 570]), array([542, 300]), array([802, 560]), array([542, 831])]

Small boxes:
[array([[269, 570],
       [334, 505],
       [399, 568],
       [334, 633]]), array([[334, 505],
       [406, 435],
       [469, 497],
       [399, 568]]), array([[406, 435],
       [477, 365],
       [540, 427],
       [469, 497]]), array([[477, 365],
       [542, 300],
       [604, 362],
       [540, 427]]), array([[334, 633],
       [399, 568],
       [469, 636],
       [406, 700]]), array([[399, 568],
       [469, 497],
       [539, 565],
       [469, 636]]), array([[469, 497],
       [540, 427],
       [608, 495],
       [539, 565]]), array([[540, 427],
       [604, 362],
       [672, 430],
       [608, 495]]), array([[406, 700],
       [469, 636],
       [540, 704],
       [477, 768]]), array([[469, 636],
       [539, 565],
       [608, 633],
       [540, 704]]), array([[539, 565],
       [608, 495],
       [677, 563],
       [608, 633]]), array([[608, 495],
       [672, 430],
       [740, 498],
       [677, 563]]), array([[477, 768],
       [540, 704],
       [604, 766],
       [542, 831]]), array([[540, 704],
       [608, 633],
       [672, 696],
       [604, 766]]), array([[608, 633],
       [677, 563],
       [740, 625],
       [672, 696]]), array([[677, 563],
       [740, 498],
       [802, 560],
       [740, 625]])]