Big box:
[array([196, 941]), array([279, 535]), array([671, 608]), array([ 606, 1013])]

Small boxes:
[array([[196, 941],
       [216, 844],
       [313, 861],
       [294, 958]]), array([[216, 844],
       [238, 738],
       [334, 755],
       [313, 861]]), array([[238, 738],
       [259, 632],
       [354, 650],
       [334, 755]]), array([[259, 632],
       [279, 535],
       [373, 552],
       [354, 650]]), array([[294, 958],
       [313, 861],
       [419, 880],
       [401, 977]]), array([[313, 861],
       [334, 755],
       [438, 774],
       [419, 880]]), array([[334, 755],
       [354, 650],
       [457, 669],
       [438, 774]]), array([[354, 650],
       [373, 552],
       [475, 572],
       [457, 669]]), array([[401, 977],
       [419, 880],
       [524, 899],
       [508, 996]]), array([[419, 880],
       [438, 774],
       [542, 793],
       [524, 899]]), array([[438, 774],
       [457, 669],
       [560, 688],
       [542, 793]]), array([[457, 669],
       [475, 572],
       [577, 591],
       [560, 688]]), array([[ 508,  996],
       [ 524,  899],
       [ 622,  916],
       [ 606, 1013]]), array([[524, 899],
       [542, 793],
       [638, 810],
       [622, 916]]), array([[542, 793],
       [560, 688],
       [655, 705],
       [638, 810]]), array([[560, 688],
       [577, 591],
       [671, 608],
       [655, 705]])]