Big box:
[array([172, 885]), array([254, 484]), array([649, 557]), array([576, 959])]

Small boxes:
[array([[172, 885],
       [192, 789],
       [288, 807],
       [269, 903]]), array([[192, 789],
       [213, 684],
       [309, 702],
       [288, 807]]), array([[213, 684],
       [234, 580],
       [330, 598],
       [309, 702]]), array([[234, 580],
       [254, 484],
       [349, 501],
       [330, 598]]), array([[269, 903],
       [288, 807],
       [393, 826],
       [374, 922]]), array([[288, 807],
       [309, 702],
       [413, 721],
       [393, 826]]), array([[309, 702],
       [330, 598],
       [433, 617],
       [413, 721]]), array([[330, 598],
       [349, 501],
       [452, 520],
       [433, 617]]), array([[374, 922],
       [393, 826],
       [497, 845],
       [479, 941]]), array([[393, 826],
       [413, 721],
       [517, 740],
       [497, 845]]), array([[413, 721],
       [433, 617],
       [536, 636],
       [517, 740]]), array([[433, 617],
       [452, 520],
       [554, 540],
       [536, 636]]), array([[479, 941],
       [497, 845],
       [593, 863],
       [576, 959]]), array([[497, 845],
       [517, 740],
       [612, 758],
       [593, 863]]), array([[517, 740],
       [536, 636],
       [632, 653],
       [612, 758]]), array([[536, 636],
       [554, 540],
       [649, 557],
       [632, 653]])]