Big box:
[array([158, 932]), array([239, 532]), array([634, 605]), array([ 560, 1010])]

Small boxes:
[array([[158, 932],
       [177, 836],
       [273, 855],
       [254, 951]]), array([[177, 836],
       [198, 732],
       [294, 750],
       [273, 855]]), array([[198, 732],
       [220, 628],
       [315, 646],
       [294, 750]]), array([[220, 628],
       [239, 532],
       [334, 549],
       [315, 646]]), array([[254, 951],
       [273, 855],
       [378, 875],
       [359, 971]]), array([[273, 855],
       [294, 750],
       [398, 770],
       [378, 875]]), array([[294, 750],
       [315, 646],
       [418, 665],
       [398, 770]]), array([[315, 646],
       [334, 549],
       [436, 568],
       [418, 665]]), array([[359, 971],
       [378, 875],
       [482, 895],
       [464, 991]]), array([[378, 875],
       [398, 770],
       [502, 789],
       [482, 895]]), array([[398, 770],
       [418, 665],
       [521, 684],
       [502, 789]]), array([[418, 665],
       [436, 568],
       [539, 588],
       [521, 684]]), array([[ 464,  991],
       [ 482,  895],
       [ 578,  913],
       [ 560, 1010]]), array([[482, 895],
       [502, 789],
       [597, 808],
       [578, 913]]), array([[502, 789],
       [521, 684],
       [616, 702],
       [597, 808]]), array([[521, 684],
       [539, 588],
       [634, 605],
       [616, 702]])]