Big box:
[array([157, 696]), array([278, 315]), array([654, 438]), array([538, 811])]

Small boxes:
[array([[157, 696],
       [186, 605],
       [277, 633],
       [248, 724]]), array([[186, 605],
       [218, 506],
       [308, 534],
       [277, 633]]), array([[218, 506],
       [249, 406],
       [339, 435],
       [308, 534]]), array([[249, 406],
       [278, 315],
       [368, 344],
       [339, 435]]), array([[248, 724],
       [277, 633],
       [376, 663],
       [348, 754]]), array([[277, 633],
       [308, 534],
       [407, 565],
       [376, 663]]), array([[308, 534],
       [339, 435],
       [438, 467],
       [407, 565]]), array([[339, 435],
       [368, 344],
       [466, 376],
       [438, 467]]), array([[348, 754],
       [376, 663],
       [475, 694],
       [447, 783]]), array([[376, 663],
       [407, 565],
       [505, 596],
       [475, 694]]), array([[407, 565],
       [438, 467],
       [536, 498],
       [505, 596]]), array([[438, 467],
       [466, 376],
       [564, 409],
       [536, 498]]), array([[447, 783],
       [475, 694],
       [566, 722],
       [538, 811]]), array([[475, 694],
       [505, 596],
       [596, 624],
       [566, 722]]), array([[505, 596],
       [536, 498],
       [626, 527],
       [596, 624]]), array([[536, 498],
       [564, 409],
       [654, 438],
       [626, 527]])]