Big box:
[array([204, 710]), array([307, 354]), array([667, 458]), array([564, 816])]

Small boxes:
[array([[204, 710],
       [229, 625],
       [315, 650],
       [290, 735]]), array([[229, 625],
       [256, 532],
       [342, 557],
       [315, 650]]), array([[256, 532],
       [282, 439],
       [369, 464],
       [342, 557]]), array([[282, 439],
       [307, 354],
       [393, 379],
       [369, 464]]), array([[290, 735],
       [315, 650],
       [409, 677],
       [384, 763]]), array([[315, 650],
       [342, 557],
       [436, 584],
       [409, 677]]), array([[342, 557],
       [369, 464],
       [462, 492],
       [436, 584]]), array([[369, 464],
       [393, 379],
       [487, 406],
       [462, 492]]), array([[384, 763],
       [409, 677],
       [502, 705],
       [478, 791]]), array([[409, 677],
       [436, 584],
       [529, 612],
       [502, 705]]), array([[436, 584],
       [462, 492],
       [556, 519],
       [529, 612]]), array([[462, 492],
       [487, 406],
       [581, 433],
       [556, 519]]), array([[478, 791],
       [502, 705],
       [589, 730],
       [564, 816]]), array([[502, 705],
       [529, 612],
       [616, 637],
       [589, 730]]), array([[529, 612],
       [556, 519],
       [642, 544],
       [616, 637]]), array([[556, 519],
       [581, 433],
       [667, 458],
       [642, 544]])]