Big box:
[array([236, 702]), array([346, 344]), array([702, 461]), array([588, 812])]

Small boxes:
[array([[236, 702],
       [262, 616],
       [347, 643],
       [320, 728]]), array([[262, 616],
       [291, 523],
       [376, 550],
       [347, 643]]), array([[291, 523],
       [320, 430],
       [405, 457],
       [376, 550]]), array([[320, 430],
       [346, 344],
       [431, 372],
       [405, 457]]), array([[320, 728],
       [347, 643],
       [439, 672],
       [412, 757]]), array([[347, 643],
       [376, 550],
       [468, 580],
       [439, 672]]), array([[376, 550],
       [405, 457],
       [497, 487],
       [468, 580]]), array([[405, 457],
       [431, 372],
       [524, 402],
       [497, 487]]), array([[412, 757],
       [439, 672],
       [531, 701],
       [504, 786]]), array([[439, 672],
       [468, 580],
       [560, 609],
       [531, 701]]), array([[468, 580],
       [497, 487],
       [590, 517],
       [560, 609]]), array([[497, 487],
       [524, 402],
       [617, 433],
       [590, 517]]), array([[504, 786],
       [531, 701],
       [615, 728],
       [588, 812]]), array([[531, 701],
       [560, 609],
       [645, 636],
       [615, 728]]), array([[560, 609],
       [590, 517],
       [675, 545],
       [645, 636]]), array([[590, 517],
       [617, 433],
       [702, 461],
       [675, 545]])]