Big box:
[array([193, 727]), array([306, 363]), array([677, 470]), array([566, 840])]

Small boxes:
[array([[193, 727],
       [220, 640],
       [309, 667],
       [282, 754]]), array([[220, 640],
       [250, 545],
       [339, 571],
       [309, 667]]), array([[250, 545],
       [279, 450],
       [368, 476],
       [339, 571]]), array([[279, 450],
       [306, 363],
       [395, 389],
       [368, 476]]), array([[282, 754],
       [309, 667],
       [406, 696],
       [380, 784]]), array([[309, 667],
       [339, 571],
       [436, 600],
       [406, 696]]), array([[339, 571],
       [368, 476],
       [465, 504],
       [436, 600]]), array([[368, 476],
       [395, 389],
       [492, 416],
       [465, 504]]), array([[380, 784],
       [406, 696],
       [503, 725],
       [477, 813]]), array([[406, 696],
       [436, 600],
       [532, 629],
       [503, 725]]), array([[436, 600],
       [465, 504],
       [561, 533],
       [532, 629]]), array([[465, 504],
       [492, 416],
       [588, 444],
       [561, 533]]), array([[477, 813],
       [503, 725],
       [593, 751],
       [566, 840]]), array([[503, 725],
       [532, 629],
       [622, 655],
       [593, 751]]), array([[532, 629],
       [561, 533],
       [650, 559],
       [622, 655]]), array([[561, 533],
       [588, 444],
       [677, 470],
       [650, 559]])]