Big box:
[array([193, 913]), array([269, 513]), array([662, 584]), array([591, 987])]

Small boxes:
[array([[193, 913],
       [211, 817],
       [306, 835],
       [288, 931]]), array([[211, 817],
       [231, 713],
       [326, 730],
       [306, 835]]), array([[231, 713],
       [251, 609],
       [345, 626],
       [326, 730]]), array([[251, 609],
       [269, 513],
       [363, 530],
       [345, 626]]), array([[288, 931],
       [306, 835],
       [410, 854],
       [392, 950]]), array([[306, 835],
       [326, 730],
       [429, 749],
       [410, 854]]), array([[326, 730],
       [345, 626],
       [448, 645],
       [429, 749]]), array([[345, 626],
       [363, 530],
       [466, 548],
       [448, 645]]), array([[392, 950],
       [410, 854],
       [513, 873],
       [496, 969]]), array([[410, 854],
       [429, 749],
       [532, 768],
       [513, 873]]), array([[429, 749],
       [448, 645],
       [551, 663],
       [532, 768]]), array([[448, 645],
       [466, 548],
       [568, 567],
       [551, 663]]), array([[496, 969],
       [513, 873],
       [608, 890],
       [591, 987]]), array([[513, 873],
       [532, 768],
       [626, 786],
       [608, 890]]), array([[532, 768],
       [551, 663],
       [645, 681],
       [626, 786]]), array([[551, 663],
       [568, 567],
       [662, 584],
       [645, 681]])]