Big box:
[array([153, 954]), array([237, 548]), array([631, 621]), array([ 561, 1026])]

Small boxes:
[array([[153, 954],
       [173, 857],
       [270, 874],
       [251, 971]]), array([[173, 857],
       [195, 751],
       [291, 768],
       [270, 874]]), array([[195, 751],
       [217, 645],
       [312, 663],
       [291, 768]]), array([[217, 645],
       [237, 548],
       [331, 565],
       [312, 663]]), array([[251, 971],
       [270, 874],
       [375, 893],
       [357, 990]]), array([[270, 874],
       [291, 768],
       [396, 787],
       [375, 893]]), array([[291, 768],
       [312, 663],
       [416, 682],
       [396, 787]]), array([[312, 663],
       [331, 565],
       [434, 584],
       [416, 682]]), array([[ 357,  990],
       [ 375,  893],
       [ 481,  912],
       [ 463, 1009]]), array([[375, 893],
       [396, 787],
       [500, 806],
       [481, 912]]), array([[396, 787],
       [416, 682],
       [519, 701],
       [500, 806]]), array([[416, 682],
       [434, 584],
       [537, 604],
       [519, 701]]), array([[ 463, 1009],
       [ 481,  912],
       [ 578,  929],
       [ 561, 1026]]), array([[481, 912],
       [500, 806],
       [596, 824],
       [578, 929]]), array([[500, 806],
       [519, 701],
       [614, 718],
       [596, 824]]), array([[519, 701],
       [537, 604],
       [631, 621],
       [614, 718]])]