Big box:
[array([ 154, 1012]), array([240, 601]), array([634, 673]), array([ 560, 1088])]

Small boxes:
[array([[ 154, 1012],
       [ 175,  914],
       [ 271,  932],
       [ 251, 1030]]), array([[175, 914],
       [197, 806],
       [293, 824],
       [271, 932]]), array([[197, 806],
       [219, 699],
       [314, 717],
       [293, 824]]), array([[219, 699],
       [240, 601],
       [334, 618],
       [314, 717]]), array([[ 251, 1030],
       [ 271,  932],
       [ 376,  951],
       [ 357, 1050]]), array([[271, 932],
       [293, 824],
       [397, 844],
       [376, 951]]), array([[293, 824],
       [314, 717],
       [418, 736],
       [397, 844]]), array([[314, 717],
       [334, 618],
       [437, 637],
       [418, 736]]), array([[ 357, 1050],
       [ 376,  951],
       [ 481,  971],
       [ 463, 1070]]), array([[376, 951],
       [397, 844],
       [501, 863],
       [481, 971]]), array([[397, 844],
       [418, 736],
       [521, 755],
       [501, 863]]), array([[418, 736],
       [437, 637],
       [540, 656],
       [521, 755]]), array([[ 463, 1070],
       [ 481,  971],
       [ 578,  989],
       [ 560, 1088]]), array([[481, 971],
       [501, 863],
       [597, 880],
       [578, 989]]), array([[501, 863],
       [521, 755],
       [616, 772],
       [597, 880]]), array([[521, 755],
       [540, 656],
       [634, 673],
       [616, 772]])]