Big box:
[array([172, 866]), array([253, 464]), array([645, 543]), array([574, 936])]

Small boxes:
[array([[172, 866],
       [191, 770],
       [287, 787],
       [268, 883]]), array([[191, 770],
       [212, 665],
       [308, 683],
       [287, 787]]), array([[212, 665],
       [234, 560],
       [328, 579],
       [308, 683]]), array([[234, 560],
       [253, 464],
       [347, 483],
       [328, 579]]), array([[268, 883],
       [287, 787],
       [391, 806],
       [373, 901]]), array([[287, 787],
       [308, 683],
       [411, 702],
       [391, 806]]), array([[308, 683],
       [328, 579],
       [431, 599],
       [411, 702]]), array([[328, 579],
       [347, 483],
       [449, 504],
       [431, 599]]), array([[373, 901],
       [391, 806],
       [495, 825],
       [478, 919]]), array([[391, 806],
       [411, 702],
       [514, 722],
       [495, 825]]), array([[411, 702],
       [431, 599],
       [533, 619],
       [514, 722]]), array([[431, 599],
       [449, 504],
       [551, 524],
       [533, 619]]), array([[478, 919],
       [495, 825],
       [591, 842],
       [574, 936]]), array([[495, 825],
       [514, 722],
       [610, 740],
       [591, 842]]), array([[514, 722],
       [533, 619],
       [628, 637],
       [610, 740]]), array([[533, 619],
       [551, 524],
       [645, 543],
       [628, 637]])]