Big box:
[array([336, 515]), array([651, 274]), array([890, 593]), array([571, 832])]

Small boxes:
[array([[336, 515],
       [411, 457],
       [468, 533],
       [392, 591]]), array([[411, 457],
       [494, 394],
       [550, 471],
       [468, 533]]), array([[494, 394],
       [576, 332],
       [633, 408],
       [550, 471]]), array([[576, 332],
       [651, 274],
       [708, 350],
       [633, 408]]), array([[392, 591],
       [468, 533],
       [529, 616],
       [454, 674]]), array([[468, 533],
       [550, 471],
       [612, 554],
       [529, 616]]), array([[550, 471],
       [633, 408],
       [695, 491],
       [612, 554]]), array([[633, 408],
       [708, 350],
       [770, 434],
       [695, 491]]), array([[454, 674],
       [529, 616],
       [591, 699],
       [515, 756]]), array([[529, 616],
       [612, 554],
       [674, 636],
       [591, 699]]), array([[612, 554],
       [695, 491],
       [757, 574],
       [674, 636]]), array([[695, 491],
       [770, 434],
       [833, 517],
       [757, 574]]), array([[515, 756],
       [591, 699],
       [647, 775],
       [571, 832]]), array([[591, 699],
       [674, 636],
       [730, 712],
       [647, 775]]), array([[674, 636],
       [757, 574],
       [814, 650],
       [730, 712]]), array([[757, 574],
       [833, 517],
       [890, 593],
       [814, 650]])]