Big box:
[array([271, 594]), array([546, 323]), array([807, 584]), array([545, 859])]

Small boxes:
[array([[271, 594],
       [337, 529],
       [402, 592],
       [337, 657]]), array([[337, 529],
       [408, 458],
       [473, 522],
       [402, 592]]), array([[408, 458],
       [480, 388],
       [543, 451],
       [473, 522]]), array([[480, 388],
       [546, 323],
       [609, 386],
       [543, 451]]), array([[337, 657],
       [402, 592],
       [472, 661],
       [408, 726]]), array([[402, 592],
       [473, 522],
       [542, 590],
       [472, 661]]), array([[473, 522],
       [543, 451],
       [612, 519],
       [542, 590]]), array([[543, 451],
       [609, 386],
       [676, 454],
       [612, 519]]), array([[408, 726],
       [472, 661],
       [543, 730],
       [479, 796]]), array([[472, 661],
       [542, 590],
       [612, 658],
       [543, 730]]), array([[542, 590],
       [612, 519],
       [681, 587],
       [612, 658]]), array([[612, 519],
       [676, 454],
       [744, 521],
       [681, 587]]), array([[479, 796],
       [543, 730],
       [608, 793],
       [545, 859]]), array([[543, 730],
       [612, 658],
       [676, 722],
       [608, 793]]), array([[612, 658],
       [681, 587],
       [744, 650],
       [676, 722]]), array([[681, 587],
       [744, 521],
       [807, 584],
       [744, 650]])]