Big box:
[array([303, 453]), array([678, 295]), array([830, 664]), array([462, 822])]

Small boxes:
[array([[303, 453],
       [393, 415],
       [431, 504],
       [341, 541]]), array([[393, 415],
       [490, 374],
       [528, 462],
       [431, 504]]), array([[490, 374],
       [588, 333],
       [625, 421],
       [528, 462]]), array([[588, 333],
       [678, 295],
       [714, 383],
       [625, 421]]), array([[341, 541],
       [431, 504],
       [472, 600],
       [382, 638]]), array([[431, 504],
       [528, 462],
       [568, 558],
       [472, 600]]), array([[528, 462],
       [625, 421],
       [665, 517],
       [568, 558]]), array([[625, 421],
       [714, 383],
       [754, 480],
       [665, 517]]), array([[382, 638],
       [472, 600],
       [512, 696],
       [424, 734]]), array([[472, 600],
       [568, 558],
       [609, 655],
       [512, 696]]), array([[568, 558],
       [665, 517],
       [705, 613],
       [609, 655]]), array([[665, 517],
       [754, 480],
       [794, 576],
       [705, 613]]), array([[424, 734],
       [512, 696],
       [550, 784],
       [462, 822]]), array([[512, 696],
       [609, 655],
       [646, 743],
       [550, 784]]), array([[609, 655],
       [705, 613],
       [742, 702],
       [646, 743]]), array([[705, 613],
       [794, 576],
       [830, 664],
       [742, 702]])]