Big box:
[array([300, 584]), array([574, 316]), array([829, 578]), array([573, 840])]

Small boxes:
[array([[300, 584],
       [366, 520],
       [430, 581],
       [365, 645]]), array([[366, 520],
       [437, 450],
       [500, 512],
       [430, 581]]), array([[437, 450],
       [508, 380],
       [570, 443],
       [500, 512]]), array([[508, 380],
       [574, 316],
       [635, 379],
       [570, 443]]), array([[365, 645],
       [430, 581],
       [500, 649],
       [436, 712]]), array([[430, 581],
       [500, 512],
       [569, 580],
       [500, 649]]), array([[500, 512],
       [570, 443],
       [638, 510],
       [569, 580]]), array([[570, 443],
       [635, 379],
       [702, 447],
       [638, 510]]), array([[436, 712],
       [500, 649],
       [570, 716],
       [508, 779]]), array([[500, 649],
       [569, 580],
       [638, 647],
       [570, 716]]), array([[569, 580],
       [638, 510],
       [706, 578],
       [638, 647]]), array([[638, 510],
       [702, 447],
       [768, 515],
       [706, 578]]), array([[508, 779],
       [570, 716],
       [634, 777],
       [573, 840]]), array([[570, 716],
       [638, 647],
       [701, 709],
       [634, 777]]), array([[638, 647],
       [706, 578],
       [768, 641],
       [701, 709]]), array([[706, 578],
       [768, 515],
       [829, 578],
       [768, 641]])]