Big box:
[array([301, 400]), array([671, 243]), array([824, 611]), array([455, 767])]

Small boxes:
[array([[301, 400],
       [390, 362],
       [426, 450],
       [338, 488]]), array([[390, 362],
       [486, 322],
       [523, 410],
       [426, 450]]), array([[486, 322],
       [582, 281],
       [619, 369],
       [523, 410]]), array([[582, 281],
       [671, 243],
       [708, 331],
       [619, 369]]), array([[338, 488],
       [426, 450],
       [467, 546],
       [378, 584]]), array([[426, 450],
       [523, 410],
       [563, 505],
       [467, 546]]), array([[523, 410],
       [619, 369],
       [659, 464],
       [563, 505]]), array([[619, 369],
       [708, 331],
       [748, 427],
       [659, 464]]), array([[378, 584],
       [467, 546],
       [507, 642],
       [418, 679]]), array([[467, 546],
       [563, 505],
       [603, 601],
       [507, 642]]), array([[563, 505],
       [659, 464],
       [699, 560],
       [603, 601]]), array([[659, 464],
       [748, 427],
       [787, 523],
       [699, 560]]), array([[418, 679],
       [507, 642],
       [543, 730],
       [455, 767]]), array([[507, 642],
       [603, 601],
       [640, 689],
       [543, 730]]), array([[603, 601],
       [699, 560],
       [736, 648],
       [640, 689]]), array([[699, 560],
       [787, 523],
       [824, 611],
       [736, 648]])]