Big box:
[array([299, 541]), array([621, 308]), array([844, 618]), array([535, 856])]

Small boxes:
[array([[299, 541],
       [376, 485],
       [432, 560],
       [356, 616]]), array([[376, 485],
       [460, 424],
       [515, 499],
       [432, 560]]), array([[460, 424],
       [544, 364],
       [598, 438],
       [515, 499]]), array([[544, 364],
       [621, 308],
       [674, 382],
       [598, 438]]), array([[356, 616],
       [432, 560],
       [493, 642],
       [417, 698]]), array([[432, 560],
       [515, 499],
       [575, 581],
       [493, 642]]), array([[515, 499],
       [598, 438],
       [657, 519],
       [575, 581]]), array([[598, 438],
       [674, 382],
       [732, 463],
       [657, 519]]), array([[417, 698],
       [493, 642],
       [553, 724],
       [478, 781]]), array([[493, 642],
       [575, 581],
       [635, 662],
       [553, 724]]), array([[575, 581],
       [657, 519],
       [716, 600],
       [635, 662]]), array([[657, 519],
       [732, 463],
       [791, 544],
       [716, 600]]), array([[478, 781],
       [553, 724],
       [609, 799],
       [535, 856]]), array([[553, 724],
       [635, 662],
       [690, 737],
       [609, 799]]), array([[635, 662],
       [716, 600],
       [770, 675],
       [690, 737]]), array([[716, 600],
       [791, 544],
       [844, 618],
       [770, 675]])]