Big box:
[array([200, 721]), array([318, 348]), array([691, 462]), array([576, 839])]

Small boxes:
[array([[200, 721],
       [228, 632],
       [318, 660],
       [290, 749]]), array([[228, 632],
       [259, 534],
       [349, 562],
       [318, 660]]), array([[259, 534],
       [290, 437],
       [379, 465],
       [349, 562]]), array([[290, 437],
       [318, 348],
       [407, 375],
       [379, 465]]), array([[290, 749],
       [318, 660],
       [416, 690],
       [388, 780]]), array([[318, 660],
       [349, 562],
       [446, 592],
       [416, 690]]), array([[349, 562],
       [379, 465],
       [477, 495],
       [446, 592]]), array([[379, 465],
       [407, 375],
       [504, 405],
       [477, 495]]), array([[388, 780],
       [416, 690],
       [514, 721],
       [486, 811]]), array([[416, 690],
       [446, 592],
       [544, 623],
       [514, 721]]), array([[446, 592],
       [477, 495],
       [574, 525],
       [544, 623]]), array([[477, 495],
       [504, 405],
       [602, 435],
       [574, 525]]), array([[486, 811],
       [514, 721],
       [604, 749],
       [576, 839]]), array([[514, 721],
       [544, 623],
       [634, 650],
       [604, 749]]), array([[544, 623],
       [574, 525],
       [663, 552],
       [634, 650]]), array([[574, 525],
       [602, 435],
       [691, 462],
       [663, 552]])]