Big box:
[array([153, 724]), array([271, 347]), array([649, 468]), array([532, 841])]

Small boxes:
[array([[153, 724],
       [181, 634],
       [272, 662],
       [244, 752]]), array([[181, 634],
       [212, 536],
       [303, 564],
       [272, 662]]), array([[212, 536],
       [243, 437],
       [333, 466],
       [303, 564]]), array([[243, 437],
       [271, 347],
       [362, 376],
       [333, 466]]), array([[244, 752],
       [272, 662],
       [371, 693],
       [342, 782]]), array([[272, 662],
       [303, 564],
       [401, 595],
       [371, 693]]), array([[303, 564],
       [333, 466],
       [432, 497],
       [401, 595]]), array([[333, 466],
       [362, 376],
       [460, 408],
       [432, 497]]), array([[342, 782],
       [371, 693],
       [469, 723],
       [441, 813]]), array([[371, 693],
       [401, 595],
       [500, 626],
       [469, 723]]), array([[401, 595],
       [432, 497],
       [530, 529],
       [500, 626]]), array([[432, 497],
       [460, 408],
       [558, 439],
       [530, 529]]), array([[441, 813],
       [469, 723],
       [560, 752],
       [532, 841]]), array([[469, 723],
       [500, 626],
       [590, 654],
       [560, 752]]), array([[500, 626],
       [530, 529],
       [621, 557],
       [590, 654]]), array([[530, 529],
       [558, 439],
       [649, 468],
       [621, 557]])]