Big box:
[array([335, 365]), array([701, 217]), array([854, 573]), array([493, 734])]

Small boxes:
[array([[335, 365],
       [423, 330],
       [460, 417],
       [373, 453]]), array([[423, 330],
       [518, 291],
       [555, 378],
       [460, 417]]), array([[518, 291],
       [613, 252],
       [650, 338],
       [555, 378]]), array([[613, 252],
       [701, 217],
       [738, 302],
       [650, 338]]), array([[373, 453],
       [460, 417],
       [501, 512],
       [414, 550]]), array([[460, 417],
       [555, 378],
       [596, 472],
       [501, 512]]), array([[555, 378],
       [650, 338],
       [690, 432],
       [596, 472]]), array([[650, 338],
       [738, 302],
       [778, 395],
       [690, 432]]), array([[414, 550],
       [501, 512],
       [542, 608],
       [455, 646]]), array([[501, 512],
       [596, 472],
       [636, 567],
       [542, 608]]), array([[596, 472],
       [690, 432],
       [731, 526],
       [636, 567]]), array([[690, 432],
       [778, 395],
       [817, 488],
       [731, 526]]), array([[455, 646],
       [542, 608],
       [579, 695],
       [493, 734]]), array([[542, 608],
       [636, 567],
       [674, 654],
       [579, 695]]), array([[636, 567],
       [731, 526],
       [768, 612],
       [674, 654]]), array([[731, 526],
       [817, 488],
       [854, 573],
       [768, 612]])]