Big box:
[array([188, 897]), array([270, 493]), array([662, 574]), array([590, 967])]

Small boxes:
[array([[188, 897],
       [208, 800],
       [303, 818],
       [284, 914]]), array([[208, 800],
       [229, 695],
       [324, 713],
       [303, 818]]), array([[229, 695],
       [250, 590],
       [345, 609],
       [324, 713]]), array([[250, 590],
       [270, 493],
       [364, 512],
       [345, 609]]), array([[284, 914],
       [303, 818],
       [407, 837],
       [389, 932]]), array([[303, 818],
       [324, 713],
       [428, 733],
       [407, 837]]), array([[324, 713],
       [345, 609],
       [448, 629],
       [428, 733]]), array([[345, 609],
       [364, 512],
       [466, 534],
       [448, 629]]), array([[389, 932],
       [407, 837],
       [512, 855],
       [494, 950]]), array([[407, 837],
       [428, 733],
       [531, 752],
       [512, 855]]), array([[428, 733],
       [448, 629],
       [550, 649],
       [531, 752]]), array([[448, 629],
       [466, 534],
       [568, 555],
       [550, 649]]), array([[494, 950],
       [512, 855],
       [607, 873],
       [590, 967]]), array([[512, 855],
       [531, 752],
       [626, 770],
       [607, 873]]), array([[531, 752],
       [550, 649],
       [645, 668],
       [626, 770]]), array([[550, 649],
       [568, 555],
       [662, 574],
       [645, 668]])]