Big box:
[array([185, 760]), array([297, 395]), array([656, 508]), array([552, 864])]

Small boxes:
[array([[185, 760],
       [212, 673],
       [299, 698],
       [273, 785]]), array([[212, 673],
       [241, 578],
       [328, 603],
       [299, 698]]), array([[241, 578],
       [270, 482],
       [357, 509],
       [328, 603]]), array([[270, 482],
       [297, 395],
       [383, 422],
       [357, 509]]), array([[273, 785],
       [299, 698],
       [394, 726],
       [368, 812]]), array([[299, 698],
       [328, 603],
       [422, 632],
       [394, 726]]), array([[328, 603],
       [357, 509],
       [451, 538],
       [422, 632]]), array([[357, 509],
       [383, 422],
       [476, 452],
       [451, 538]]), array([[368, 812],
       [394, 726],
       [489, 753],
       [464, 839]]), array([[394, 726],
       [422, 632],
       [517, 660],
       [489, 753]]), array([[422, 632],
       [451, 538],
       [545, 567],
       [517, 660]]), array([[451, 538],
       [476, 452],
       [570, 481],
       [545, 567]]), array([[464, 839],
       [489, 753],
       [577, 779],
       [552, 864]]), array([[489, 753],
       [517, 660],
       [604, 686],
       [577, 779]]), array([[517, 660],
       [545, 567],
       [631, 593],
       [604, 686]]), array([[545, 567],
       [570, 481],
       [656, 508],
       [631, 593]])]