Big box:
[array([300, 449]), array([670, 295]), array([819, 655]), array([453, 814])]

Small boxes:
[array([[300, 449],
       [389, 412],
       [425, 499],
       [337, 536]]), array([[389, 412],
       [485, 372],
       [521, 459],
       [425, 499]]), array([[485, 372],
       [581, 332],
       [617, 418],
       [521, 459]]), array([[581, 332],
       [670, 295],
       [706, 381],
       [617, 418]]), array([[337, 536],
       [425, 499],
       [465, 594],
       [376, 632]]), array([[425, 499],
       [521, 459],
       [560, 553],
       [465, 594]]), array([[521, 459],
       [617, 418],
       [656, 512],
       [560, 553]]), array([[617, 418],
       [706, 381],
       [744, 475],
       [656, 512]]), array([[376, 632],
       [465, 594],
       [504, 689],
       [416, 727]]), array([[465, 594],
       [560, 553],
       [600, 648],
       [504, 689]]), array([[560, 553],
       [656, 512],
       [695, 607],
       [600, 648]]), array([[656, 512],
       [744, 475],
       [783, 569],
       [695, 607]]), array([[416, 727],
       [504, 689],
       [541, 776],
       [453, 814]]), array([[504, 689],
       [600, 648],
       [636, 734],
       [541, 776]]), array([[600, 648],
       [695, 607],
       [731, 693],
       [636, 734]]), array([[695, 607],
       [783, 569],
       [819, 655],
       [731, 693]])]