Big box:
[array([329, 518]), array([605, 258]), array([861, 528]), array([591, 791])]

Small boxes:
[array([[329, 518],
       [395, 456],
       [458, 521],
       [392, 583]]), array([[395, 456],
       [467, 388],
       [529, 453],
       [458, 521]]), array([[467, 388],
       [539, 320],
       [601, 385],
       [529, 453]]), array([[539, 320],
       [605, 258],
       [666, 323],
       [601, 385]]), array([[392, 583],
       [458, 521],
       [525, 592],
       [460, 654]]), array([[458, 521],
       [529, 453],
       [596, 524],
       [525, 592]]), array([[529, 453],
       [601, 385],
       [668, 456],
       [596, 524]]), array([[601, 385],
       [666, 323],
       [733, 393],
       [668, 456]]), array([[460, 654],
       [525, 592],
       [593, 663],
       [528, 726]]), array([[525, 592],
       [596, 524],
       [664, 594],
       [593, 663]]), array([[596, 524],
       [668, 456],
       [735, 526],
       [664, 594]]), array([[668, 456],
       [733, 393],
       [800, 463],
       [735, 526]]), array([[528, 726],
       [593, 663],
       [656, 728],
       [591, 791]]), array([[593, 663],
       [664, 594],
       [726, 660],
       [656, 728]]), array([[664, 594],
       [735, 526],
       [796, 591],
       [726, 660]]), array([[735, 526],
       [800, 463],
       [861, 528],
       [796, 591]])]