Big box:
[array([142, 960]), array([224, 555]), array([620, 626]), array([ 543, 1036])]

Small boxes:
[array([[142, 960],
       [162, 863],
       [257, 881],
       [238, 978]]), array([[162, 863],
       [183, 758],
       [278, 775],
       [257, 881]]), array([[183, 758],
       [204, 652],
       [300, 669],
       [278, 775]]), array([[204, 652],
       [224, 555],
       [319, 572],
       [300, 669]]), array([[238, 978],
       [257, 881],
       [362, 900],
       [342, 998]]), array([[257, 881],
       [278, 775],
       [382, 794],
       [362, 900]]), array([[278, 775],
       [300, 669],
       [403, 688],
       [382, 794]]), array([[300, 669],
       [319, 572],
       [422, 590],
       [403, 688]]), array([[ 342,  998],
       [ 362,  900],
       [ 466,  920],
       [ 447, 1018]]), array([[362, 900],
       [382, 794],
       [486, 813],
       [466, 920]]), array([[382, 794],
       [403, 688],
       [506, 707],
       [486, 813]]), array([[403, 688],
       [422, 590],
       [525, 609],
       [506, 707]]), array([[ 447, 1018],
       [ 466,  920],
       [ 561,  938],
       [ 543, 1036]]), array([[466, 920],
       [486, 813],
       [582, 831],
       [561, 938]]), array([[486, 813],
       [506, 707],
       [602, 724],
       [582, 831]]), array([[506, 707],
       [525, 609],
       [620, 626],
       [602, 724]])]