Big box:
[array([148, 740]), array([263, 359]), array([644, 481]), array([525, 853])]

Small boxes:
[array([[148, 740],
       [176, 649],
       [266, 676],
       [238, 767]]), array([[176, 649],
       [206, 550],
       [296, 578],
       [266, 676]]), array([[206, 550],
       [235, 450],
       [326, 479],
       [296, 578]]), array([[235, 450],
       [263, 359],
       [354, 388],
       [326, 479]]), array([[238, 767],
       [266, 676],
       [365, 706],
       [336, 796]]), array([[266, 676],
       [296, 578],
       [395, 608],
       [365, 706]]), array([[296, 578],
       [326, 479],
       [425, 510],
       [395, 608]]), array([[326, 479],
       [354, 388],
       [454, 420],
       [425, 510]]), array([[336, 796],
       [365, 706],
       [463, 736],
       [435, 826]]), array([[365, 706],
       [395, 608],
       [494, 639],
       [463, 736]]), array([[395, 608],
       [425, 510],
       [524, 541],
       [494, 639]]), array([[425, 510],
       [454, 420],
       [553, 452],
       [524, 541]]), array([[435, 826],
       [463, 736],
       [554, 764],
       [525, 853]]), array([[463, 736],
       [494, 639],
       [584, 667],
       [554, 764]]), array([[494, 639],
       [524, 541],
       [615, 570],
       [584, 667]]), array([[524, 541],
       [553, 452],
       [644, 481],
       [615, 570]])]