Big box:
[array([200, 775]), array([314, 414]), array([677, 531]), array([561, 889])]

Small boxes:
[array([[200, 775],
       [227, 689],
       [314, 716],
       [286, 802]]), array([[227, 689],
       [257, 594],
       [344, 622],
       [314, 716]]), array([[257, 594],
       [287, 500],
       [374, 528],
       [344, 622]]), array([[287, 500],
       [314, 414],
       [401, 442],
       [374, 528]]), array([[286, 802],
       [314, 716],
       [408, 746],
       [380, 832]]), array([[314, 716],
       [344, 622],
       [438, 652],
       [408, 746]]), array([[344, 622],
       [374, 528],
       [468, 559],
       [438, 652]]), array([[374, 528],
       [401, 442],
       [496, 472],
       [468, 559]]), array([[380, 832],
       [408, 746],
       [502, 776],
       [475, 862]]), array([[408, 746],
       [438, 652],
       [532, 682],
       [502, 776]]), array([[438, 652],
       [468, 559],
       [562, 589],
       [532, 682]]), array([[468, 559],
       [496, 472],
       [590, 503],
       [562, 589]]), array([[475, 862],
       [502, 776],
       [589, 803],
       [561, 889]]), array([[502, 776],
       [532, 682],
       [619, 710],
       [589, 803]]), array([[532, 682],
       [562, 589],
       [649, 617],
       [619, 710]]), array([[562, 589],
       [590, 503],
       [677, 531],
       [649, 617]])]