Big box:
[array([332, 377]), array([694, 220]), array([851, 585]), array([484, 738])]

Small boxes:
[array([[332, 377],
       [419, 339],
       [455, 426],
       [368, 463]]), array([[419, 339],
       [513, 298],
       [550, 385],
       [455, 426]]), array([[513, 298],
       [607, 258],
       [645, 345],
       [550, 385]]), array([[607, 258],
       [694, 220],
       [732, 307],
       [645, 345]]), array([[368, 463],
       [455, 426],
       [495, 520],
       [408, 558]]), array([[455, 426],
       [550, 385],
       [590, 480],
       [495, 520]]), array([[550, 385],
       [645, 345],
       [685, 440],
       [590, 480]]), array([[645, 345],
       [732, 307],
       [772, 402],
       [685, 440]]), array([[408, 558],
       [495, 520],
       [535, 615],
       [448, 652]]), array([[495, 520],
       [590, 480],
       [630, 575],
       [535, 615]]), array([[590, 480],
       [685, 440],
       [726, 534],
       [630, 575]]), array([[685, 440],
       [772, 402],
       [813, 498],
       [726, 534]]), array([[448, 652],
       [535, 615],
       [572, 701],
       [484, 738]]), array([[535, 615],
       [630, 575],
       [668, 662],
       [572, 701]]), array([[630, 575],
       [726, 534],
       [763, 622],
       [668, 662]]), array([[726, 534],
       [813, 498],
       [851, 585],
       [763, 622]])]