Big box:
[array([170, 936]), array([251, 535]), array([646, 605]), array([ 572, 1013])]

Small boxes:
[array([[170, 936],
       [189, 840],
       [285, 858],
       [266, 954]]), array([[189, 840],
       [210, 736],
       [306, 753],
       [285, 858]]), array([[210, 736],
       [232, 631],
       [327, 648],
       [306, 753]]), array([[232, 631],
       [251, 535],
       [346, 552],
       [327, 648]]), array([[266, 954],
       [285, 858],
       [390, 878],
       [371, 974]]), array([[285, 858],
       [306, 753],
       [410, 772],
       [390, 878]]), array([[306, 753],
       [327, 648],
       [430, 667],
       [410, 772]]), array([[327, 648],
       [346, 552],
       [448, 570],
       [430, 667]]), array([[371, 974],
       [390, 878],
       [494, 897],
       [476, 995]]), array([[390, 878],
       [410, 772],
       [514, 791],
       [494, 897]]), array([[410, 772],
       [430, 667],
       [533, 686],
       [514, 791]]), array([[430, 667],
       [448, 570],
       [551, 588],
       [533, 686]]), array([[ 476,  995],
       [ 494,  897],
       [ 590,  915],
       [ 572, 1013]]), array([[494, 897],
       [514, 791],
       [609, 809],
       [590, 915]]), array([[514, 791],
       [533, 686],
       [628, 703],
       [609, 809]]), array([[533, 686],
       [551, 588],
       [646, 605],
       [628, 703]])]