Big box:
[array([173, 913]), array([245, 508]), array([642, 581]), array([564, 981])]

Small boxes:
[array([[173, 913],
       [190, 816],
       [284, 833],
       [267, 929]]), array([[190, 816],
       [209, 710],
       [303, 727],
       [284, 833]]), array([[209, 710],
       [228, 605],
       [323, 622],
       [303, 727]]), array([[228, 605],
       [245, 508],
       [340, 525],
       [323, 622]]), array([[267, 929],
       [284, 833],
       [386, 851],
       [368, 947]]), array([[284, 833],
       [303, 727],
       [406, 746],
       [386, 851]]), array([[303, 727],
       [323, 622],
       [426, 641],
       [406, 746]]), array([[323, 622],
       [340, 525],
       [444, 544],
       [426, 641]]), array([[368, 947],
       [386, 851],
       [489, 869],
       [470, 965]]), array([[386, 851],
       [406, 746],
       [509, 764],
       [489, 869]]), array([[406, 746],
       [426, 641],
       [529, 660],
       [509, 764]]), array([[426, 641],
       [444, 544],
       [547, 564],
       [529, 660]]), array([[470, 965],
       [489, 869],
       [583, 885],
       [564, 981]]), array([[489, 869],
       [509, 764],
       [603, 781],
       [583, 885]]), array([[509, 764],
       [529, 660],
       [623, 677],
       [603, 781]]), array([[529, 660],
       [547, 564],
       [642, 581],
       [623, 677]])]