Big box:
[array([200, 732]), array([315, 362]), array([688, 472]), array([576, 848])]

Small boxes:
[array([[200, 732],
       [228, 643],
       [317, 671],
       [290, 760]]), array([[228, 643],
       [258, 547],
       [347, 574],
       [317, 671]]), array([[258, 547],
       [287, 451],
       [377, 477],
       [347, 574]]), array([[287, 451],
       [315, 362],
       [404, 388],
       [377, 477]]), array([[290, 760],
       [317, 671],
       [415, 701],
       [388, 790]]), array([[317, 671],
       [347, 574],
       [445, 604],
       [415, 701]]), array([[347, 574],
       [377, 477],
       [474, 506],
       [445, 604]]), array([[377, 477],
       [404, 388],
       [502, 417],
       [474, 506]]), array([[388, 790],
       [415, 701],
       [513, 730],
       [486, 820]]), array([[415, 701],
       [445, 604],
       [542, 633],
       [513, 730]]), array([[445, 604],
       [474, 506],
       [572, 535],
       [542, 633]]), array([[474, 506],
       [502, 417],
       [599, 446],
       [572, 535]]), array([[486, 820],
       [513, 730],
       [603, 758],
       [576, 848]]), array([[513, 730],
       [542, 633],
       [632, 660],
       [603, 758]]), array([[542, 633],
       [572, 535],
       [661, 562],
       [632, 660]]), array([[572, 535],
       [599, 446],
       [688, 472],
       [661, 562]])]