Big box:
[array([259, 891]), array([334, 491]), array([726, 566]), array([659, 958])]

Small boxes:
[array([[259, 891],
       [277, 795],
       [372, 812],
       [355, 907]]), array([[277, 795],
       [296, 691],
       [391, 708],
       [372, 812]]), array([[296, 691],
       [316, 587],
       [410, 604],
       [391, 708]]), array([[316, 587],
       [334, 491],
       [428, 509],
       [410, 604]]), array([[355, 907],
       [372, 812],
       [476, 830],
       [459, 924]]), array([[372, 812],
       [391, 708],
       [494, 726],
       [476, 830]]), array([[391, 708],
       [410, 604],
       [513, 623],
       [494, 726]]), array([[410, 604],
       [428, 509],
       [530, 528],
       [513, 623]]), array([[459, 924],
       [476, 830],
       [580, 848],
       [563, 942]]), array([[476, 830],
       [494, 726],
       [598, 745],
       [580, 848]]), array([[494, 726],
       [513, 623],
       [616, 642],
       [598, 745]]), array([[513, 623],
       [530, 528],
       [632, 548],
       [616, 642]]), array([[563, 942],
       [580, 848],
       [675, 864],
       [659, 958]]), array([[580, 848],
       [598, 745],
       [692, 762],
       [675, 864]]), array([[598, 745],
       [616, 642],
       [710, 660],
       [692, 762]]), array([[616, 642],
       [632, 548],
       [726, 566],
       [710, 660]])]