Big box:
[array([298, 453]), array([657, 319]), array([782, 667]), array([437, 802])]

Small boxes:
[array([[298, 453],
       [384, 421],
       [417, 504],
       [331, 537]]), array([[384, 421],
       [478, 386],
       [509, 469],
       [417, 504]]), array([[478, 386],
       [571, 351],
       [602, 435],
       [509, 469]]), array([[571, 351],
       [657, 319],
       [687, 402],
       [602, 435]]), array([[331, 537],
       [417, 504],
       [452, 595],
       [368, 628]]), array([[417, 504],
       [509, 469],
       [544, 560],
       [452, 595]]), array([[509, 469],
       [602, 435],
       [635, 525],
       [544, 560]]), array([[602, 435],
       [687, 402],
       [720, 493],
       [635, 525]]), array([[368, 628],
       [452, 595],
       [487, 686],
       [404, 718]]), array([[452, 595],
       [544, 560],
       [578, 651],
       [487, 686]]), array([[544, 560],
       [635, 525],
       [669, 616],
       [578, 651]]), array([[635, 525],
       [720, 493],
       [752, 584],
       [669, 616]]), array([[404, 718],
       [487, 686],
       [520, 770],
       [437, 802]]), array([[487, 686],
       [578, 651],
       [610, 734],
       [520, 770]]), array([[578, 651],
       [669, 616],
       [699, 699],
       [610, 734]]), array([[669, 616],
       [752, 584],
       [782, 667],
       [699, 699]])]