Big box:
[array([239, 930]), array([312, 530]), array([708, 599]), array([ 635, 1006])]

Small boxes:
[array([[239, 930],
       [256, 834],
       [351, 852],
       [334, 948]]), array([[256, 834],
       [276, 730],
       [370, 747],
       [351, 852]]), array([[276, 730],
       [295, 626],
       [389, 643],
       [370, 747]]), array([[295, 626],
       [312, 530],
       [407, 547],
       [389, 643]]), array([[334, 948],
       [351, 852],
       [454, 871],
       [437, 968]]), array([[351, 852],
       [370, 747],
       [474, 766],
       [454, 871]]), array([[370, 747],
       [389, 643],
       [493, 661],
       [474, 766]]), array([[389, 643],
       [407, 547],
       [510, 564],
       [493, 661]]), array([[437, 968],
       [454, 871],
       [558, 891],
       [540, 988]]), array([[454, 871],
       [474, 766],
       [577, 785],
       [558, 891]]), array([[474, 766],
       [493, 661],
       [596, 680],
       [577, 785]]), array([[493, 661],
       [510, 564],
       [613, 582],
       [596, 680]]), array([[ 540,  988],
       [ 558,  891],
       [ 652,  908],
       [ 635, 1006]]), array([[558, 891],
       [577, 785],
       [672, 802],
       [652, 908]]), array([[577, 785],
       [596, 680],
       [691, 697],
       [672, 802]]), array([[596, 680],
       [613, 582],
       [708, 599],
       [691, 697]])]