Big box:
[array([293, 575]), array([562, 311]), array([826, 563]), array([562, 844])]

Small boxes:
[array([[293, 575],
       [357, 512],
       [422, 575],
       [357, 639]]), array([[357, 512],
       [428, 443],
       [491, 505],
       [422, 575]]), array([[428, 443],
       [498, 374],
       [561, 436],
       [491, 505]]), array([[498, 374],
       [562, 311],
       [625, 371],
       [561, 436]]), array([[357, 639],
       [422, 575],
       [491, 644],
       [428, 710]]), array([[422, 575],
       [491, 505],
       [561, 573],
       [491, 644]]), array([[491, 505],
       [561, 436],
       [630, 502],
       [561, 573]]), array([[561, 436],
       [625, 371],
       [694, 437],
       [630, 502]]), array([[428, 710],
       [491, 644],
       [561, 713],
       [498, 780]]), array([[491, 644],
       [561, 573],
       [630, 641],
       [561, 713]]), array([[561, 573],
       [630, 502],
       [699, 569],
       [630, 641]]), array([[630, 502],
       [694, 437],
       [763, 503],
       [699, 569]]), array([[498, 780],
       [561, 713],
       [625, 777],
       [562, 844]]), array([[561, 713],
       [630, 641],
       [694, 704],
       [625, 777]]), array([[630, 641],
       [699, 569],
       [763, 630],
       [694, 704]]), array([[699, 569],
       [763, 503],
       [826, 563],
       [763, 630]])]