Big box:
[array([187, 907]), array([268, 505]), array([660, 578]), array([590, 979])]

Small boxes:
[array([[187, 907],
       [206, 811],
       [302, 828],
       [284, 924]]), array([[206, 811],
       [228, 706],
       [323, 723],
       [302, 828]]), array([[228, 706],
       [249, 601],
       [343, 619],
       [323, 723]]), array([[249, 601],
       [268, 505],
       [362, 522],
       [343, 619]]), array([[284, 924],
       [302, 828],
       [407, 847],
       [388, 943]]), array([[302, 828],
       [323, 723],
       [426, 742],
       [407, 847]]), array([[323, 723],
       [343, 619],
       [446, 638],
       [426, 742]]), array([[343, 619],
       [362, 522],
       [464, 542],
       [446, 638]]), array([[388, 943],
       [407, 847],
       [511, 866],
       [493, 962]]), array([[407, 847],
       [426, 742],
       [530, 761],
       [511, 866]]), array([[426, 742],
       [446, 638],
       [549, 657],
       [530, 761]]), array([[446, 638],
       [464, 542],
       [566, 561],
       [549, 657]]), array([[493, 962],
       [511, 866],
       [607, 883],
       [590, 979]]), array([[511, 866],
       [530, 761],
       [625, 778],
       [607, 883]]), array([[530, 761],
       [549, 657],
       [643, 674],
       [625, 778]]), array([[549, 657],
       [566, 561],
       [660, 578],
       [643, 674]])]