Big box:
[array([231, 915]), array([308, 513]), array([700, 590]), array([629, 984])]

Small boxes:
[array([[231, 915],
       [249, 819],
       [344, 836],
       [326, 932]]), array([[249, 819],
       [270, 714],
       [364, 731],
       [344, 836]]), array([[270, 714],
       [290, 609],
       [384, 627],
       [364, 731]]), array([[290, 609],
       [308, 513],
       [402, 531],
       [384, 627]]), array([[326, 932],
       [344, 836],
       [448, 854],
       [430, 950]]), array([[344, 836],
       [364, 731],
       [467, 750],
       [448, 854]]), array([[364, 731],
       [384, 627],
       [486, 647],
       [467, 750]]), array([[384, 627],
       [402, 531],
       [504, 552],
       [486, 647]]), array([[430, 950],
       [448, 854],
       [551, 873],
       [534, 967]]), array([[448, 854],
       [467, 750],
       [570, 770],
       [551, 873]]), array([[467, 750],
       [486, 647],
       [589, 666],
       [570, 770]]), array([[486, 647],
       [504, 552],
       [606, 572],
       [589, 666]]), array([[534, 967],
       [551, 873],
       [646, 890],
       [629, 984]]), array([[551, 873],
       [570, 770],
       [664, 787],
       [646, 890]]), array([[570, 770],
       [589, 666],
       [683, 684],
       [664, 787]]), array([[589, 666],
       [606, 572],
       [700, 590],
       [683, 684]])]