Big box:
[array([164, 915]), array([247, 512]), array([642, 586]), array([569, 988])]

Small boxes:
[array([[164, 915],
       [184, 818],
       [280, 836],
       [261, 932]]), array([[184, 818],
       [206, 714],
       [301, 731],
       [280, 836]]), array([[206, 714],
       [227, 609],
       [322, 626],
       [301, 731]]), array([[227, 609],
       [247, 512],
       [342, 530],
       [322, 626]]), array([[261, 932],
       [280, 836],
       [385, 855],
       [366, 952]]), array([[280, 836],
       [301, 731],
       [406, 750],
       [385, 855]]), array([[301, 731],
       [322, 626],
       [426, 645],
       [406, 750]]), array([[322, 626],
       [342, 530],
       [444, 549],
       [426, 645]]), array([[366, 952],
       [385, 855],
       [490, 874],
       [472, 971]]), array([[385, 855],
       [406, 750],
       [510, 769],
       [490, 874]]), array([[406, 750],
       [426, 645],
       [529, 665],
       [510, 769]]), array([[426, 645],
       [444, 549],
       [547, 568],
       [529, 665]]), array([[472, 971],
       [490, 874],
       [586, 892],
       [569, 988]]), array([[490, 874],
       [510, 769],
       [606, 787],
       [586, 892]]), array([[510, 769],
       [529, 665],
       [625, 682],
       [606, 787]]), array([[529, 665],
       [547, 568],
       [642, 586],
       [625, 682]])]