Big box:
[array([193, 923]), array([264, 525]), array([661, 595]), array([586, 998])]

Small boxes:
[array([[193, 923],
       [210, 828],
       [304, 845],
       [287, 941]]), array([[210, 828],
       [228, 724],
       [323, 741],
       [304, 845]]), array([[228, 724],
       [247, 620],
       [342, 637],
       [323, 741]]), array([[247, 620],
       [264, 525],
       [359, 542],
       [342, 637]]), array([[287, 941],
       [304, 845],
       [407, 865],
       [390, 960]]), array([[304, 845],
       [323, 741],
       [426, 760],
       [407, 865]]), array([[323, 741],
       [342, 637],
       [445, 656],
       [426, 760]]), array([[342, 637],
       [359, 542],
       [462, 560],
       [445, 656]]), array([[390, 960],
       [407, 865],
       [510, 884],
       [492, 980]]), array([[407, 865],
       [426, 760],
       [529, 779],
       [510, 884]]), array([[426, 760],
       [445, 656],
       [548, 674],
       [529, 779]]), array([[445, 656],
       [462, 560],
       [566, 578],
       [548, 674]]), array([[492, 980],
       [510, 884],
       [604, 901],
       [586, 998]]), array([[510, 884],
       [529, 779],
       [624, 796],
       [604, 901]]), array([[529, 779],
       [548, 674],
       [643, 692],
       [624, 796]]), array([[548, 674],
       [566, 578],
       [661, 595],
       [643, 692]])]