Big box:
[array([225, 887]), array([303, 487]), array([695, 559]), array([627, 957])]

Small boxes:
[array([[225, 887],
       [244, 791],
       [339, 808],
       [321, 904]]), array([[244, 791],
       [264, 687],
       [359, 704],
       [339, 808]]), array([[264, 687],
       [284, 583],
       [379, 600],
       [359, 704]]), array([[284, 583],
       [303, 487],
       [397, 504],
       [379, 600]]), array([[321, 904],
       [339, 808],
       [443, 826],
       [426, 922]]), array([[339, 808],
       [359, 704],
       [462, 722],
       [443, 826]]), array([[359, 704],
       [379, 600],
       [482, 619],
       [462, 722]]), array([[379, 600],
       [397, 504],
       [499, 523],
       [482, 619]]), array([[426, 922],
       [443, 826],
       [548, 845],
       [531, 940]]), array([[443, 826],
       [462, 722],
       [566, 741],
       [548, 845]]), array([[462, 722],
       [482, 619],
       [584, 637],
       [566, 741]]), array([[482, 619],
       [499, 523],
       [601, 542],
       [584, 637]]), array([[531, 940],
       [548, 845],
       [643, 862],
       [627, 957]]), array([[548, 845],
       [566, 741],
       [661, 758],
       [643, 862]]), array([[566, 741],
       [584, 637],
       [679, 654],
       [661, 758]]), array([[584, 637],
       [601, 542],
       [695, 559],
       [679, 654]])]