Big box:
[array([139, 957]), array([221, 552]), array([617, 623]), array([ 545, 1033])]

Small boxes:
[array([[139, 957],
       [159, 860],
       [255, 878],
       [236, 975]]), array([[159, 860],
       [180, 754],
       [276, 772],
       [255, 878]]), array([[180, 754],
       [201, 649],
       [297, 666],
       [276, 772]]), array([[201, 649],
       [221, 552],
       [316, 569],
       [297, 666]]), array([[236, 975],
       [255, 878],
       [360, 897],
       [342, 995]]), array([[255, 878],
       [276, 772],
       [380, 791],
       [360, 897]]), array([[276, 772],
       [297, 666],
       [401, 685],
       [380, 791]]), array([[297, 666],
       [316, 569],
       [419, 588],
       [401, 685]]), array([[ 342,  995],
       [ 360,  897],
       [ 466,  917],
       [ 448, 1015]]), array([[360, 897],
       [380, 791],
       [485, 810],
       [466, 917]]), array([[380, 791],
       [401, 685],
       [504, 704],
       [485, 810]]), array([[401, 685],
       [419, 588],
       [522, 606],
       [504, 704]]), array([[ 448, 1015],
       [ 466,  917],
       [ 562,  935],
       [ 545, 1033]]), array([[466, 917],
       [485, 810],
       [581, 828],
       [562, 935]]), array([[485, 810],
       [504, 704],
       [600, 721],
       [581, 828]]), array([[504, 704],
       [522, 606],
       [617, 623],
       [600, 721]])]