Big box:
[array([178, 872]), array([259, 474]), array([651, 549]), array([581, 947])]

Small boxes:
[array([[178, 872],
       [197, 777],
       [293, 795],
       [275, 890]]), array([[197, 777],
       [218, 673],
       [314, 691],
       [293, 795]]), array([[218, 673],
       [240, 569],
       [334, 587],
       [314, 691]]), array([[240, 569],
       [259, 474],
       [353, 492],
       [334, 587]]), array([[275, 890],
       [293, 795],
       [398, 814],
       [380, 910]]), array([[293, 795],
       [314, 691],
       [417, 710],
       [398, 814]]), array([[314, 691],
       [334, 587],
       [437, 607],
       [417, 710]]), array([[334, 587],
       [353, 492],
       [455, 512],
       [437, 607]]), array([[380, 910],
       [398, 814],
       [502, 834],
       [484, 929]]), array([[398, 814],
       [417, 710],
       [521, 730],
       [502, 834]]), array([[417, 710],
       [437, 607],
       [540, 626],
       [521, 730]]), array([[437, 607],
       [455, 512],
       [557, 531],
       [540, 626]]), array([[484, 929],
       [502, 834],
       [598, 852],
       [581, 947]]), array([[502, 834],
       [521, 730],
       [616, 748],
       [598, 852]]), array([[521, 730],
       [540, 626],
       [634, 644],
       [616, 748]]), array([[540, 626],
       [557, 531],
       [651, 549],
       [634, 644]])]