Big box:
[array([327, 514]), array([593, 245]), array([863, 509]), array([596, 781])]

Small boxes:
[array([[327, 514],
       [391, 450],
       [455, 513],
       [391, 578]]), array([[391, 450],
       [460, 380],
       [525, 443],
       [455, 513]]), array([[460, 380],
       [529, 309],
       [594, 373],
       [525, 443]]), array([[529, 309],
       [593, 245],
       [658, 308],
       [594, 373]]), array([[391, 578],
       [455, 513],
       [525, 583],
       [462, 648]]), array([[455, 513],
       [525, 443],
       [595, 512],
       [525, 583]]), array([[525, 443],
       [594, 373],
       [664, 442],
       [595, 512]]), array([[594, 373],
       [658, 308],
       [728, 377],
       [664, 442]]), array([[462, 648],
       [525, 583],
       [595, 652],
       [532, 717]]), array([[525, 583],
       [595, 512],
       [665, 581],
       [595, 652]]), array([[595, 512],
       [664, 442],
       [734, 511],
       [665, 581]]), array([[664, 442],
       [728, 377],
       [798, 446],
       [734, 511]]), array([[532, 717],
       [595, 652],
       [660, 716],
       [596, 781]]), array([[595, 652],
       [665, 581],
       [730, 645],
       [660, 716]]), array([[665, 581],
       [734, 511],
       [799, 574],
       [730, 645]]), array([[734, 511],
       [798, 446],
       [863, 509],
       [799, 574]])]