Big box:
[array([196, 611]), array([301, 208]), array([703, 314]), array([595, 721])]

Small boxes:
[array([[196, 611],
       [221, 514],
       [317, 541],
       [292, 637]]), array([[221, 514],
       [248, 410],
       [344, 435],
       [317, 541]]), array([[248, 410],
       [276, 305],
       [372, 330],
       [344, 435]]), array([[276, 305],
       [301, 208],
       [397, 233],
       [372, 330]]), array([[292, 637],
       [317, 541],
       [421, 569],
       [396, 666]]), array([[317, 541],
       [344, 435],
       [449, 464],
       [421, 569]]), array([[344, 435],
       [372, 330],
       [476, 358],
       [449, 464]]), array([[372, 330],
       [397, 233],
       [502, 261],
       [476, 358]]), array([[396, 666],
       [421, 569],
       [525, 597],
       [499, 695]]), array([[421, 569],
       [449, 464],
       [553, 492],
       [525, 597]]), array([[449, 464],
       [476, 358],
       [581, 386],
       [553, 492]]), array([[476, 358],
       [502, 261],
       [607, 289],
       [581, 386]]), array([[499, 695],
       [525, 597],
       [621, 623],
       [595, 721]]), array([[525, 597],
       [553, 492],
       [649, 518],
       [621, 623]]), array([[553, 492],
       [581, 386],
       [677, 412],
       [649, 518]]), array([[581, 386],
       [607, 289],
       [703, 314],
       [677, 412]])]