Big box:
[array([234, 718]), array([348, 366]), array([700, 479]), array([588, 832])]

Small boxes:
[array([[234, 718],
       [261, 634],
       [346, 661],
       [319, 745]]), array([[261, 634],
       [291, 542],
       [376, 569],
       [346, 661]]), array([[291, 542],
       [321, 450],
       [405, 477],
       [376, 569]]), array([[321, 450],
       [348, 366],
       [432, 393],
       [405, 477]]), array([[319, 745],
       [346, 661],
       [438, 691],
       [411, 775]]), array([[346, 661],
       [376, 569],
       [468, 599],
       [438, 691]]), array([[376, 569],
       [405, 477],
       [497, 507],
       [468, 599]]), array([[405, 477],
       [432, 393],
       [524, 422],
       [497, 507]]), array([[411, 775],
       [438, 691],
       [530, 720],
       [503, 805]]), array([[438, 691],
       [468, 599],
       [559, 628],
       [530, 720]]), array([[468, 599],
       [497, 507],
       [589, 536],
       [559, 628]]), array([[497, 507],
       [524, 422],
       [616, 452],
       [589, 536]]), array([[503, 805],
       [530, 720],
       [615, 747],
       [588, 832]]), array([[530, 720],
       [559, 628],
       [644, 656],
       [615, 747]]), array([[559, 628],
       [589, 536],
       [673, 564],
       [644, 656]]), array([[589, 536],
       [616, 452],
       [700, 479],
       [673, 564]])]