Big box:
[array([366, 471]), array([670, 255]), array([884, 554]), array([584, 773])]

Small boxes:
[array([[366, 471],
       [439, 419],
       [491, 491],
       [418, 543]]), array([[439, 419],
       [518, 363],
       [570, 435],
       [491, 491]]), array([[518, 363],
       [597, 307],
       [649, 379],
       [570, 435]]), array([[597, 307],
       [670, 255],
       [721, 327],
       [649, 379]]), array([[418, 543],
       [491, 491],
       [547, 570],
       [475, 622]]), array([[491, 491],
       [570, 435],
       [626, 513],
       [547, 570]]), array([[570, 435],
       [649, 379],
       [705, 457],
       [626, 513]]), array([[649, 379],
       [721, 327],
       [777, 404],
       [705, 457]]), array([[475, 622],
       [547, 570],
       [604, 648],
       [532, 701]]), array([[547, 570],
       [626, 513],
       [682, 592],
       [604, 648]]), array([[626, 513],
       [705, 457],
       [761, 535],
       [682, 592]]), array([[705, 457],
       [777, 404],
       [833, 482],
       [761, 535]]), array([[532, 701],
       [604, 648],
       [656, 721],
       [584, 773]]), array([[604, 648],
       [682, 592],
       [734, 664],
       [656, 721]]), array([[682, 592],
       [761, 535],
       [812, 606],
       [734, 664]]), array([[761, 535],
       [833, 482],
       [884, 554],
       [812, 606]])]