Big box:
[array([359, 430]), array([694, 275]), array([853, 608]), array([511, 770])]

Small boxes:
[array([[359, 430],
       [439, 393],
       [476, 474],
       [395, 511]]), array([[439, 393],
       [526, 352],
       [564, 433],
       [476, 474]]), array([[526, 352],
       [614, 312],
       [651, 392],
       [564, 433]]), array([[614, 312],
       [694, 275],
       [732, 355],
       [651, 392]]), array([[395, 511],
       [476, 474],
       [516, 562],
       [435, 600]]), array([[476, 474],
       [564, 433],
       [604, 521],
       [516, 562]]), array([[564, 433],
       [651, 392],
       [692, 479],
       [604, 521]]), array([[651, 392],
       [732, 355],
       [774, 442],
       [692, 479]]), array([[435, 600],
       [516, 562],
       [556, 650],
       [475, 689]]), array([[516, 562],
       [604, 521],
       [645, 608],
       [556, 650]]), array([[604, 521],
       [692, 479],
       [733, 567],
       [645, 608]]), array([[692, 479],
       [774, 442],
       [815, 528],
       [733, 567]]), array([[475, 689],
       [556, 650],
       [593, 731],
       [511, 770]]), array([[556, 650],
       [645, 608],
       [682, 689],
       [593, 731]]), array([[645, 608],
       [733, 567],
       [771, 647],
       [682, 689]]), array([[733, 567],
       [815, 528],
       [853, 608],
       [771, 647]])]