Big box:
[array([297, 492]), array([615, 253]), array([855, 571]), array([532, 810])]

Small boxes:
[array([[297, 492],
       [373, 435],
       [430, 511],
       [353, 568]]), array([[373, 435],
       [456, 372],
       [513, 449],
       [430, 511]]), array([[456, 372],
       [539, 310],
       [596, 386],
       [513, 449]]), array([[539, 310],
       [615, 253],
       [672, 329],
       [596, 386]]), array([[353, 568],
       [430, 511],
       [491, 594],
       [414, 651]]), array([[430, 511],
       [513, 449],
       [575, 532],
       [491, 594]]), array([[513, 449],
       [596, 386],
       [658, 469],
       [575, 532]]), array([[596, 386],
       [672, 329],
       [735, 412],
       [658, 469]]), array([[414, 651],
       [491, 594],
       [553, 677],
       [476, 734]]), array([[491, 594],
       [575, 532],
       [637, 614],
       [553, 677]]), array([[575, 532],
       [658, 469],
       [720, 552],
       [637, 614]]), array([[658, 469],
       [735, 412],
       [798, 495],
       [720, 552]]), array([[476, 734],
       [553, 677],
       [609, 753],
       [532, 810]]), array([[553, 677],
       [637, 614],
       [694, 690],
       [609, 753]]), array([[637, 614],
       [720, 552],
       [778, 628],
       [694, 690]]), array([[720, 552],
       [798, 495],
       [855, 571],
       [778, 628]])]