Big box:
[array([176, 905]), array([258, 504]), array([652, 576]), array([578, 981])]

Small boxes:
[array([[176, 905],
       [196, 809],
       [291, 827],
       [272, 923]]), array([[196, 809],
       [217, 704],
       [312, 722],
       [291, 827]]), array([[217, 704],
       [238, 600],
       [333, 618],
       [312, 722]]), array([[238, 600],
       [258, 504],
       [352, 521],
       [333, 618]]), array([[272, 923],
       [291, 827],
       [396, 846],
       [377, 943]]), array([[291, 827],
       [312, 722],
       [416, 742],
       [396, 846]]), array([[312, 722],
       [333, 618],
       [436, 637],
       [416, 742]]), array([[333, 618],
       [352, 521],
       [455, 540],
       [436, 637]]), array([[377, 943],
       [396, 846],
       [500, 866],
       [482, 963]]), array([[396, 846],
       [416, 742],
       [520, 761],
       [500, 866]]), array([[416, 742],
       [436, 637],
       [539, 656],
       [520, 761]]), array([[436, 637],
       [455, 540],
       [558, 559],
       [539, 656]]), array([[482, 963],
       [500, 866],
       [596, 884],
       [578, 981]]), array([[500, 866],
       [520, 761],
       [615, 778],
       [596, 884]]), array([[520, 761],
       [539, 656],
       [634, 673],
       [615, 778]]), array([[539, 656],
       [558, 559],
       [652, 576],
       [634, 673]])]