Big box:
[array([141, 860]), array([216, 462]), array([616, 537]), array([537, 936])]

Small boxes:
[array([[141, 860],
       [159, 765],
       [254, 783],
       [236, 878]]), array([[159, 765],
       [178, 661],
       [274, 679],
       [254, 783]]), array([[178, 661],
       [198, 557],
       [294, 575],
       [274, 679]]), array([[198, 557],
       [216, 462],
       [312, 480],
       [294, 575]]), array([[236, 878],
       [254, 783],
       [357, 803],
       [339, 898]]), array([[254, 783],
       [274, 679],
       [378, 699],
       [357, 803]]), array([[274, 679],
       [294, 575],
       [398, 595],
       [378, 699]]), array([[294, 575],
       [312, 480],
       [416, 500],
       [398, 595]]), array([[339, 898],
       [357, 803],
       [461, 822],
       [442, 918]]), array([[357, 803],
       [378, 699],
       [481, 718],
       [461, 822]]), array([[378, 699],
       [398, 595],
       [501, 615],
       [481, 718]]), array([[398, 595],
       [416, 500],
       [520, 519],
       [501, 615]]), array([[442, 918],
       [461, 822],
       [556, 840],
       [537, 936]]), array([[461, 822],
       [481, 718],
       [576, 736],
       [556, 840]]), array([[481, 718],
       [501, 615],
       [597, 633],
       [576, 736]]), array([[501, 615],
       [520, 519],
       [616, 537],
       [597, 633]])]