Big box:
[array([162, 904]), array([236, 506]), array([632, 576]), array([554, 979])]

Small boxes:
[array([[162, 904],
       [180, 809],
       [274, 826],
       [256, 922]]), array([[180, 809],
       [199, 705],
       [293, 722],
       [274, 826]]), array([[199, 705],
       [218, 601],
       [313, 618],
       [293, 722]]), array([[218, 601],
       [236, 506],
       [331, 523],
       [313, 618]]), array([[256, 922],
       [274, 826],
       [376, 846],
       [358, 942]]), array([[274, 826],
       [293, 722],
       [396, 741],
       [376, 846]]), array([[293, 722],
       [313, 618],
       [416, 637],
       [396, 741]]), array([[313, 618],
       [331, 523],
       [434, 541],
       [416, 637]]), array([[358, 942],
       [376, 846],
       [479, 865],
       [460, 961]]), array([[376, 846],
       [396, 741],
       [499, 760],
       [479, 865]]), array([[396, 741],
       [416, 637],
       [519, 655],
       [499, 760]]), array([[416, 637],
       [434, 541],
       [537, 559],
       [519, 655]]), array([[460, 961],
       [479, 865],
       [573, 882],
       [554, 979]]), array([[479, 865],
       [499, 760],
       [593, 778],
       [573, 882]]), array([[499, 760],
       [519, 655],
       [613, 673],
       [593, 778]]), array([[519, 655],
       [537, 559],
       [632, 576],
       [613, 673]])]