Big box:
[array([228, 723]), array([338, 361]), array([702, 476]), array([584, 837])]

Small boxes:
[array([[228, 723],
       [254, 636],
       [340, 664],
       [313, 750]]), array([[254, 636],
       [283, 542],
       [369, 569],
       [340, 664]]), array([[283, 542],
       [312, 448],
       [398, 475],
       [369, 569]]), array([[312, 448],
       [338, 361],
       [425, 389],
       [398, 475]]), array([[313, 750],
       [340, 664],
       [433, 693],
       [406, 780]]), array([[340, 664],
       [369, 569],
       [463, 599],
       [433, 693]]), array([[369, 569],
       [398, 475],
       [493, 505],
       [463, 599]]), array([[398, 475],
       [425, 389],
       [520, 418],
       [493, 505]]), array([[406, 780],
       [433, 693],
       [527, 723],
       [499, 810]]), array([[433, 693],
       [463, 599],
       [557, 629],
       [527, 723]]), array([[463, 599],
       [493, 505],
       [587, 535],
       [557, 629]]), array([[493, 505],
       [520, 418],
       [615, 448],
       [587, 535]]), array([[499, 810],
       [527, 723],
       [612, 751],
       [584, 837]]), array([[527, 723],
       [557, 629],
       [643, 656],
       [612, 751]]), array([[557, 629],
       [587, 535],
       [674, 562],
       [643, 656]]), array([[587, 535],
       [615, 448],
       [702, 476],
       [674, 562]])]