Big box:
[array([205, 978]), array([288, 568]), array([681, 641]), array([ 611, 1050])]

Small boxes:
[array([[205, 978],
       [225, 880],
       [321, 897],
       [302, 995]]), array([[225, 880],
       [246, 773],
       [342, 790],
       [321, 897]]), array([[246, 773],
       [268, 666],
       [363, 684],
       [342, 790]]), array([[268, 666],
       [288, 568],
       [382, 585],
       [363, 684]]), array([[ 302,  995],
       [ 321,  897],
       [ 426,  916],
       [ 408, 1014]]), array([[321, 897],
       [342, 790],
       [446, 809],
       [426, 916]]), array([[342, 790],
       [363, 684],
       [466, 703],
       [446, 809]]), array([[363, 684],
       [382, 585],
       [484, 604],
       [466, 703]]), array([[ 408, 1014],
       [ 426,  916],
       [ 531,  935],
       [ 514, 1033]]), array([[426, 916],
       [446, 809],
       [550, 828],
       [531, 935]]), array([[446, 809],
       [466, 703],
       [569, 722],
       [550, 828]]), array([[466, 703],
       [484, 604],
       [587, 624],
       [569, 722]]), array([[ 514, 1033],
       [ 531,  935],
       [ 628,  952],
       [ 611, 1050]]), array([[531, 935],
       [550, 828],
       [646, 846],
       [628, 952]]), array([[550, 828],
       [569, 722],
       [664, 739],
       [646, 846]]), array([[569, 722],
       [587, 624],
       [681, 641],
       [664, 739]])]