Big box:
[array([179, 928]), array([256, 523]), array([654, 597]), array([578, 998])]

Small boxes:
[array([[179, 928],
       [197, 831],
       [293, 848],
       [275, 945]]), array([[197, 831],
       [218, 726],
       [313, 743],
       [293, 848]]), array([[218, 726],
       [238, 620],
       [333, 638],
       [313, 743]]), array([[238, 620],
       [256, 523],
       [351, 541],
       [333, 638]]), array([[275, 945],
       [293, 848],
       [397, 866],
       [378, 963]]), array([[293, 848],
       [313, 743],
       [417, 762],
       [397, 866]]), array([[313, 743],
       [333, 638],
       [437, 657],
       [417, 762]]), array([[333, 638],
       [351, 541],
       [455, 560],
       [437, 657]]), array([[378, 963],
       [397, 866],
       [501, 885],
       [482, 981]]), array([[397, 866],
       [417, 762],
       [521, 780],
       [501, 885]]), array([[417, 762],
       [437, 657],
       [540, 676],
       [521, 780]]), array([[437, 657],
       [455, 560],
       [559, 579],
       [540, 676]]), array([[482, 981],
       [501, 885],
       [596, 902],
       [578, 998]]), array([[501, 885],
       [521, 780],
       [616, 798],
       [596, 902]]), array([[521, 780],
       [540, 676],
       [636, 693],
       [616, 798]]), array([[540, 676],
       [559, 579],
       [654, 597],
       [636, 693]])]