Big box:
[array([348, 603]), array([616, 334]), array([877, 603]), array([612, 873])]

Small boxes:
[array([[348, 603],
       [412, 539],
       [475, 603],
       [411, 668]]), array([[412, 539],
       [482, 468],
       [545, 533],
       [475, 603]]), array([[482, 468],
       [552, 398],
       [614, 463],
       [545, 533]]), array([[552, 398],
       [616, 334],
       [679, 398],
       [614, 463]]), array([[411, 668],
       [475, 603],
       [544, 673],
       [480, 738]]), array([[475, 603],
       [545, 533],
       [613, 603],
       [544, 673]]), array([[545, 533],
       [614, 463],
       [683, 533],
       [613, 603]]), array([[614, 463],
       [679, 398],
       [746, 468],
       [683, 533]]), array([[480, 738],
       [544, 673],
       [612, 744],
       [549, 808]]), array([[544, 673],
       [613, 603],
       [682, 673],
       [612, 744]]), array([[613, 603],
       [683, 533],
       [751, 603],
       [682, 673]]), array([[683, 533],
       [746, 468],
       [814, 539],
       [751, 603]]), array([[549, 808],
       [612, 744],
       [675, 808],
       [612, 873]]), array([[612, 744],
       [682, 673],
       [744, 738],
       [675, 808]]), array([[682, 673],
       [751, 603],
       [814, 668],
       [744, 738]]), array([[751, 603],
       [814, 539],
       [877, 603],
       [814, 668]])]