Big box:
[array([186, 761]), array([308, 388]), array([684, 510]), array([560, 887])]

Small boxes:
[array([[186, 761],
       [215, 672],
       [305, 702],
       [276, 791]]), array([[215, 672],
       [247, 574],
       [337, 604],
       [305, 702]]), array([[247, 574],
       [279, 477],
       [369, 507],
       [337, 604]]), array([[279, 477],
       [308, 388],
       [398, 417],
       [369, 507]]), array([[276, 791],
       [305, 702],
       [402, 734],
       [373, 824]]), array([[305, 702],
       [337, 604],
       [434, 636],
       [402, 734]]), array([[337, 604],
       [369, 507],
       [467, 539],
       [434, 636]]), array([[369, 507],
       [398, 417],
       [496, 449],
       [467, 539]]), array([[373, 824],
       [402, 734],
       [500, 767],
       [470, 857]]), array([[402, 734],
       [434, 636],
       [532, 669],
       [500, 767]]), array([[434, 636],
       [467, 539],
       [564, 571],
       [532, 669]]), array([[467, 539],
       [496, 449],
       [594, 481],
       [564, 571]]), array([[470, 857],
       [500, 767],
       [590, 797],
       [560, 887]]), array([[500, 767],
       [532, 669],
       [622, 698],
       [590, 797]]), array([[532, 669],
       [564, 571],
       [654, 600],
       [622, 698]]), array([[564, 571],
       [594, 481],
       [684, 510],
       [654, 600]])]