Big box:
[array([159, 930]), array([241, 531]), array([637, 600]), array([ 560, 1008])]

Small boxes:
[array([[159, 930],
       [179, 834],
       [274, 853],
       [255, 949]]), array([[179, 834],
       [200, 730],
       [295, 748],
       [274, 853]]), array([[200, 730],
       [221, 627],
       [317, 644],
       [295, 748]]), array([[221, 627],
       [241, 531],
       [336, 548],
       [317, 644]]), array([[255, 949],
       [274, 853],
       [379, 872],
       [360, 969]]), array([[274, 853],
       [295, 748],
       [399, 767],
       [379, 872]]), array([[295, 748],
       [317, 644],
       [420, 662],
       [399, 767]]), array([[317, 644],
       [336, 548],
       [439, 566],
       [420, 662]]), array([[360, 969],
       [379, 872],
       [483, 892],
       [464, 989]]), array([[379, 872],
       [399, 767],
       [503, 786],
       [483, 892]]), array([[399, 767],
       [420, 662],
       [523, 681],
       [503, 786]]), array([[420, 662],
       [439, 566],
       [542, 583],
       [523, 681]]), array([[ 464,  989],
       [ 483,  892],
       [ 578,  910],
       [ 560, 1008]]), array([[483, 892],
       [503, 786],
       [598, 804],
       [578, 910]]), array([[503, 786],
       [523, 681],
       [619, 698],
       [598, 804]]), array([[523, 681],
       [542, 583],
       [637, 600],
       [619, 698]])]