Big box:
[array([127, 958]), array([211, 556]), array([609, 626]), array([ 535, 1036])]

Small boxes:
[array([[127, 958],
       [147, 862],
       [244, 880],
       [225, 977]]), array([[147, 862],
       [169, 757],
       [266, 775],
       [244, 880]]), array([[169, 757],
       [191, 652],
       [287, 670],
       [266, 775]]), array([[191, 652],
       [211, 556],
       [306, 573],
       [287, 670]]), array([[225, 977],
       [244, 880],
       [350, 900],
       [331, 997]]), array([[244, 880],
       [266, 775],
       [370, 794],
       [350, 900]]), array([[266, 775],
       [287, 670],
       [391, 688],
       [370, 794]]), array([[287, 670],
       [306, 573],
       [410, 591],
       [391, 688]]), array([[ 331,  997],
       [ 350,  900],
       [ 456,  920],
       [ 437, 1017]]), array([[350, 900],
       [370, 794],
       [475, 813],
       [456, 920]]), array([[370, 794],
       [391, 688],
       [495, 707],
       [475, 813]]), array([[391, 688],
       [410, 591],
       [514, 609],
       [495, 707]]), array([[ 437, 1017],
       [ 456,  920],
       [ 553,  938],
       [ 535, 1036]]), array([[456, 920],
       [475, 813],
       [572, 831],
       [553, 938]]), array([[475, 813],
       [495, 707],
       [591, 724],
       [572, 831]]), array([[495, 707],
       [514, 609],
       [609, 626],
       [591, 724]])]