Big box:
[array([245, 916]), array([326, 513]), array([716, 590]), array([650, 987])]

Small boxes:
[array([[245, 916],
       [264, 819],
       [361, 837],
       [342, 933]]), array([[264, 819],
       [286, 714],
       [381, 732],
       [361, 837]]), array([[286, 714],
       [307, 610],
       [401, 628],
       [381, 732]]), array([[307, 610],
       [326, 513],
       [419, 531],
       [401, 628]]), array([[342, 933],
       [361, 837],
       [465, 856],
       [448, 952]]), array([[361, 837],
       [381, 732],
       [484, 752],
       [465, 856]]), array([[381, 732],
       [401, 628],
       [503, 647],
       [484, 752]]), array([[401, 628],
       [419, 531],
       [521, 552],
       [503, 647]]), array([[448, 952],
       [465, 856],
       [570, 875],
       [553, 970]]), array([[465, 856],
       [484, 752],
       [588, 771],
       [570, 875]]), array([[484, 752],
       [503, 647],
       [606, 667],
       [588, 771]]), array([[503, 647],
       [521, 552],
       [623, 572],
       [606, 667]]), array([[553, 970],
       [570, 875],
       [666, 892],
       [650, 987]]), array([[570, 875],
       [588, 771],
       [683, 788],
       [666, 892]]), array([[588, 771],
       [606, 667],
       [700, 685],
       [683, 788]]), array([[606, 667],
       [623, 572],
       [716, 590],
       [700, 685]])]