Big box:
[array([260, 552]), array([527, 294]), array([789, 549]), array([526, 827])]

Small boxes:
[array([[260, 552],
       [324, 490],
       [387, 555],
       [324, 618]]), array([[324, 490],
       [394, 423],
       [457, 486],
       [387, 555]]), array([[394, 423],
       [463, 356],
       [526, 418],
       [457, 486]]), array([[463, 356],
       [527, 294],
       [590, 355],
       [526, 418]]), array([[324, 618],
       [387, 555],
       [456, 625],
       [393, 690]]), array([[387, 555],
       [457, 486],
       [526, 556],
       [456, 625]]), array([[457, 486],
       [526, 418],
       [595, 486],
       [526, 556]]), array([[526, 418],
       [590, 355],
       [658, 422],
       [595, 486]]), array([[393, 690],
       [456, 625],
       [526, 696],
       [462, 761]]), array([[456, 625],
       [526, 556],
       [594, 625],
       [526, 696]]), array([[526, 556],
       [595, 486],
       [663, 553],
       [594, 625]]), array([[595, 486],
       [658, 422],
       [726, 488],
       [663, 553]]), array([[462, 761],
       [526, 696],
       [589, 760],
       [526, 827]]), array([[526, 696],
       [594, 625],
       [658, 688],
       [589, 760]]), array([[594, 625],
       [663, 553],
       [726, 616],
       [658, 688]]), array([[663, 553],
       [726, 488],
       [789, 549],
       [726, 616]])]