Big box:
[array([371, 416]), array([732, 259]), array([894, 615]), array([532, 785])]

Small boxes:
[array([[371, 416],
       [457, 378],
       [496, 466],
       [410, 504]]), array([[457, 378],
       [552, 338],
       [590, 424],
       [496, 466]]), array([[552, 338],
       [646, 297],
       [684, 383],
       [590, 424]]), array([[646, 297],
       [732, 259],
       [771, 344],
       [684, 383]]), array([[410, 504],
       [496, 466],
       [538, 561],
       [452, 600]]), array([[496, 466],
       [590, 424],
       [632, 519],
       [538, 561]]), array([[590, 424],
       [684, 383],
       [726, 476],
       [632, 519]]), array([[684, 383],
       [771, 344],
       [813, 437],
       [726, 476]]), array([[452, 600],
       [538, 561],
       [580, 657],
       [493, 697]]), array([[538, 561],
       [632, 519],
       [674, 613],
       [580, 657]]), array([[632, 519],
       [726, 476],
       [769, 570],
       [674, 613]]), array([[726, 476],
       [813, 437],
       [855, 530],
       [769, 570]]), array([[493, 697],
       [580, 657],
       [619, 744],
       [532, 785]]), array([[580, 657],
       [674, 613],
       [713, 700],
       [619, 744]]), array([[674, 613],
       [769, 570],
       [807, 656],
       [713, 700]]), array([[769, 570],
       [855, 530],
       [894, 615],
       [807, 656]])]