Big box:
[array([325, 524]), array([594, 262]), array([852, 529]), array([584, 789])]

Small boxes:
[array([[325, 524],
       [389, 461],
       [451, 525],
       [387, 587]]), array([[389, 461],
       [460, 393],
       [521, 457],
       [451, 525]]), array([[460, 393],
       [530, 325],
       [591, 389],
       [521, 457]]), array([[530, 325],
       [594, 262],
       [656, 326],
       [591, 389]]), array([[387, 587],
       [451, 525],
       [519, 594],
       [454, 656]]), array([[451, 525],
       [521, 457],
       [589, 526],
       [519, 594]]), array([[521, 457],
       [591, 389],
       [659, 458],
       [589, 526]]), array([[591, 389],
       [656, 326],
       [723, 396],
       [659, 458]]), array([[454, 656],
       [519, 594],
       [586, 663],
       [522, 726]]), array([[519, 594],
       [589, 526],
       [656, 595],
       [586, 663]]), array([[589, 526],
       [659, 458],
       [726, 527],
       [656, 595]]), array([[659, 458],
       [723, 396],
       [790, 465],
       [726, 527]]), array([[522, 726],
       [586, 663],
       [648, 727],
       [584, 789]]), array([[586, 663],
       [656, 595],
       [718, 659],
       [648, 727]]), array([[656, 595],
       [726, 527],
       [788, 591],
       [718, 659]]), array([[726, 527],
       [790, 465],
       [852, 529],
       [788, 591]])]