Big box:
[array([227, 948]), array([307, 542]), array([701, 615]), array([ 632, 1020])]

Small boxes:
[array([[227, 948],
       [246, 851],
       [343, 868],
       [324, 965]]), array([[246, 851],
       [267, 745],
       [363, 762],
       [343, 868]]), array([[267, 745],
       [288, 639],
       [383, 657],
       [363, 762]]), array([[288, 639],
       [307, 542],
       [401, 559],
       [383, 657]]), array([[324, 965],
       [343, 868],
       [447, 887],
       [430, 984]]), array([[343, 868],
       [363, 762],
       [467, 781],
       [447, 887]]), array([[363, 762],
       [383, 657],
       [486, 676],
       [467, 781]]), array([[383, 657],
       [401, 559],
       [504, 578],
       [486, 676]]), array([[ 430,  984],
       [ 447,  887],
       [ 552,  906],
       [ 535, 1003]]), array([[447, 887],
       [467, 781],
       [571, 800],
       [552, 906]]), array([[467, 781],
       [486, 676],
       [589, 695],
       [571, 800]]), array([[486, 676],
       [504, 578],
       [607, 598],
       [589, 695]]), array([[ 535, 1003],
       [ 552,  906],
       [ 649,  923],
       [ 632, 1020]]), array([[552, 906],
       [571, 800],
       [666, 818],
       [649, 923]]), array([[571, 800],
       [589, 695],
       [684, 712],
       [666, 818]]), array([[589, 695],
       [607, 598],
       [701, 615],
       [684, 712]])]