Big box:
[array([249, 948]), array([329, 546]), array([721, 616]), array([ 654, 1024])]

Small boxes:
[array([[249, 948],
       [268, 852],
       [364, 870],
       [346, 966]]), array([[268, 852],
       [289, 747],
       [384, 764],
       [364, 870]]), array([[289, 747],
       [310, 642],
       [404, 659],
       [384, 764]]), array([[310, 642],
       [329, 546],
       [423, 563],
       [404, 659]]), array([[346, 966],
       [364, 870],
       [469, 889],
       [452, 986]]), array([[364, 870],
       [384, 764],
       [488, 784],
       [469, 889]]), array([[384, 764],
       [404, 659],
       [507, 678],
       [488, 784]]), array([[404, 659],
       [423, 563],
       [525, 581],
       [507, 678]]), array([[ 452,  986],
       [ 469,  889],
       [ 574,  908],
       [ 557, 1006]]), array([[469, 889],
       [488, 784],
       [592, 803],
       [574, 908]]), array([[488, 784],
       [507, 678],
       [610, 697],
       [592, 803]]), array([[507, 678],
       [525, 581],
       [627, 599],
       [610, 697]]), array([[ 557, 1006],
       [ 574,  908],
       [ 670,  926],
       [ 654, 1024]]), array([[574, 908],
       [592, 803],
       [688, 820],
       [670, 926]]), array([[592, 803],
       [610, 697],
       [705, 714],
       [688, 820]]), array([[610, 697],
       [627, 599],
       [721, 616],
       [705, 714]])]