Big box:
[array([1026, 2714]), array([1062, 1745]), array([2025, 1775]), array([1998, 2741])]

Small boxes:
[array([[1026, 2714],
       [1035, 2484],
       [1264, 2491],
       [1256, 2720]]), array([[1035, 2484],
       [1044, 2230],
       [1273, 2236],
       [1264, 2491]]), array([[1044, 2230],
       [1053, 1974],
       [1282, 1981],
       [1273, 2236]]), array([[1053, 1974],
       [1062, 1745],
       [1290, 1752],
       [1282, 1981]]), array([[1256, 2720],
       [1264, 2491],
       [1519, 2498],
       [1512, 2728]]), array([[1264, 2491],
       [1273, 2236],
       [1528, 2244],
       [1519, 2498]]), array([[1273, 2236],
       [1282, 1981],
       [1536, 1989],
       [1528, 2244]]), array([[1282, 1981],
       [1290, 1752],
       [1544, 1760],
       [1536, 1989]]), array([[1512, 2728],
       [1519, 2498],
       [1775, 2506],
       [1768, 2735]]), array([[1519, 2498],
       [1528, 2244],
       [1782, 2251],
       [1775, 2506]]), array([[1528, 2244],
       [1536, 1989],
       [1790, 1997],
       [1782, 2251]]), array([[1536, 1989],
       [1544, 1760],
       [1797, 1768],
       [1790, 1997]]), array([[1768, 2735],
       [1775, 2506],
       [2004, 2512],
       [1998, 2741]]), array([[1775, 2506],
       [1782, 2251],
       [2012, 2258],
       [2004, 2512]]), array([[1782, 2251],
       [1790, 1997],
       [2019, 2004],
       [2012, 2258]]), array([[1790, 1997],
       [1797, 1768],
       [2025, 1775],
       [2019, 2004]])]