Big box:
[array([ 996, 2904]), array([1038, 1929]), array([2003, 1956]), array([1982, 2937])]

Small boxes:
[array([[ 996, 2904],
       [1006, 2673],
       [1238, 2681],
       [1230, 2912]]), array([[1006, 2673],
       [1017, 2416],
       [1248, 2424],
       [1238, 2681]]), array([[1017, 2416],
       [1028, 2160],
       [1258, 2167],
       [1248, 2424]]), array([[1028, 2160],
       [1038, 1929],
       [1267, 1935],
       [1258, 2167]]), array([[1230, 2912],
       [1238, 2681],
       [1496, 2689],
       [1489, 2920]]), array([[1238, 2681],
       [1248, 2424],
       [1505, 2432],
       [1496, 2689]]), array([[1248, 2424],
       [1258, 2167],
       [1513, 2174],
       [1505, 2432]]), array([[1258, 2167],
       [1267, 1935],
       [1520, 1942],
       [1513, 2174]]), array([[1489, 2920],
       [1496, 2689],
       [1755, 2697],
       [1748, 2929]]), array([[1496, 2689],
       [1505, 2432],
       [1761, 2439],
       [1755, 2697]]), array([[1505, 2432],
       [1513, 2174],
       [1768, 2182],
       [1761, 2439]]), array([[1513, 2174],
       [1520, 1942],
       [1774, 1950],
       [1768, 2182]]), array([[1748, 2929],
       [1755, 2697],
       [1987, 2705],
       [1982, 2937]]), array([[1755, 2697],
       [1761, 2439],
       [1992, 2446],
       [1987, 2705]]), array([[1761, 2439],
       [1768, 2182],
       [1998, 2188],
       [1992, 2446]]), array([[1768, 2182],
       [1774, 1950],
       [2003, 1956],
       [1998, 2188]])]