Big box:
[array([ 859, 2515]), array([ 882, 1344]), array([2056, 1370]), array([2033, 2535])]

Small boxes:
[array([[ 859, 2515],
       [ 864, 2238],
       [1142, 2243],
       [1137, 2520]]), array([[ 864, 2238],
       [ 870, 1930],
       [1149, 1935],
       [1142, 2243]]), array([[ 870, 1930],
       [ 877, 1621],
       [1155, 1627],
       [1149, 1935]]), array([[ 877, 1621],
       [ 882, 1344],
       [1160, 1350],
       [1155, 1627]]), array([[1137, 2520],
       [1142, 2243],
       [1451, 2248],
       [1446, 2525]]), array([[1142, 2243],
       [1149, 1935],
       [1458, 1941],
       [1451, 2248]]), array([[1149, 1935],
       [1155, 1627],
       [1464, 1634],
       [1458, 1941]]), array([[1155, 1627],
       [1160, 1350],
       [1469, 1357],
       [1464, 1634]]), array([[1446, 2525],
       [1451, 2248],
       [1760, 2254],
       [1755, 2530]]), array([[1451, 2248],
       [1458, 1941],
       [1766, 1947],
       [1760, 2254]]), array([[1458, 1941],
       [1464, 1634],
       [1772, 1640],
       [1766, 1947]]), array([[1464, 1634],
       [1469, 1357],
       [1778, 1364],
       [1772, 1640]]), array([[1755, 2530],
       [1760, 2254],
       [2038, 2259],
       [2033, 2535]]), array([[1760, 2254],
       [1766, 1947],
       [2044, 1952],
       [2038, 2259]]), array([[1766, 1947],
       [1772, 1640],
       [2051, 1646],
       [2044, 1952]]), array([[1772, 1640],
       [1778, 1364],
       [2056, 1370],
       [2051, 1646]])]