Big box:
[array([1215, 2803]), array([1241, 1853]), array([2203, 1873]), array([2178, 2844])]

Small boxes:
[array([[1215, 2803],
       [1221, 2578],
       [1449, 2587],
       [1443, 2813]]), array([[1221, 2578],
       [1228, 2328],
       [1456, 2335],
       [1449, 2587]]), array([[1228, 2328],
       [1235, 2078],
       [1463, 2084],
       [1456, 2335]]), array([[1235, 2078],
       [1241, 1853],
       [1469, 1858],
       [1463, 2084]]), array([[1443, 2813],
       [1449, 2587],
       [1703, 2596],
       [1696, 2824]]), array([[1449, 2587],
       [1456, 2335],
       [1709, 2343],
       [1703, 2596]]), array([[1456, 2335],
       [1463, 2084],
       [1716, 2090],
       [1709, 2343]]), array([[1463, 2084],
       [1469, 1858],
       [1722, 1863],
       [1716, 2090]]), array([[1696, 2824],
       [1703, 2596],
       [1956, 2605],
       [1950, 2834]]), array([[1703, 2596],
       [1709, 2343],
       [1963, 2351],
       [1956, 2605]]), array([[1709, 2343],
       [1716, 2090],
       [1969, 2097],
       [1963, 2351]]), array([[1716, 2090],
       [1722, 1863],
       [1975, 1868],
       [1969, 2097]]), array([[1950, 2834],
       [1956, 2605],
       [2184, 2614],
       [2178, 2844]]), array([[1956, 2605],
       [1963, 2351],
       [2190, 2358],
       [2184, 2614]]), array([[1963, 2351],
       [1969, 2097],
       [2197, 2103],
       [2190, 2358]]), array([[1969, 2097],
       [1975, 1868],
       [2203, 1873],
       [2197, 2103]])]