Big box:
[array([1078, 2939]), array([1084, 1964]), array([2041, 1967]), array([2047, 2939])]

Small boxes:
[array([[1078, 2939],
       [1079, 2708],
       [1308, 2708],
       [1308, 2939]]), array([[1079, 2708],
       [1081, 2452],
       [1309, 2452],
       [1308, 2708]]), array([[1081, 2452],
       [1083, 2195],
       [1310, 2195],
       [1309, 2452]]), array([[1083, 2195],
       [1084, 1964],
       [1311, 1965],
       [1310, 2195]]), array([[1308, 2939],
       [1308, 2708],
       [1562, 2708],
       [1562, 2939]]), array([[1308, 2708],
       [1309, 2452],
       [1562, 2452],
       [1562, 2708]]), array([[1309, 2452],
       [1310, 2195],
       [1562, 2196],
       [1562, 2452]]), array([[1310, 2195],
       [1311, 1965],
       [1562, 1966],
       [1562, 2196]]), array([[1562, 2939],
       [1562, 2708],
       [1817, 2709],
       [1818, 2939]]), array([[1562, 2708],
       [1562, 2452],
       [1816, 2453],
       [1817, 2709]]), array([[1562, 2452],
       [1562, 2196],
       [1815, 2197],
       [1816, 2453]]), array([[1562, 2196],
       [1562, 1966],
       [1814, 1966],
       [1815, 2197]]), array([[1818, 2939],
       [1817, 2709],
       [2046, 2709],
       [2047, 2939]]), array([[1817, 2709],
       [1816, 2453],
       [2044, 2453],
       [2046, 2709]]), array([[1816, 2453],
       [1815, 2197],
       [2042, 2197],
       [2044, 2453]]), array([[1815, 2197],
       [1814, 1966],
       [2041, 1967],
       [2042, 2197]])]