Big box:
[array([1157, 2915]), array([1174, 1973]), array([2107, 1992]), array([2096, 2938])]

Small boxes:
[array([[1157, 2915],
       [1161, 2692],
       [1383, 2697],
       [1379, 2920]]), array([[1161, 2692],
       [1166, 2444],
       [1387, 2449],
       [1383, 2697]]), array([[1166, 2444],
       [1170, 2196],
       [1391, 2201],
       [1387, 2449]]), array([[1170, 2196],
       [1174, 1973],
       [1395, 1978],
       [1391, 2201]]), array([[1379, 2920],
       [1383, 2697],
       [1630, 2703],
       [1626, 2926]]), array([[1383, 2697],
       [1387, 2449],
       [1634, 2454],
       [1630, 2703]]), array([[1387, 2449],
       [1391, 2201],
       [1637, 2206],
       [1634, 2454]]), array([[1391, 2201],
       [1395, 1978],
       [1640, 1982],
       [1637, 2206]]), array([[1626, 2926],
       [1630, 2703],
       [1877, 2709],
       [1874, 2933]]), array([[1630, 2703],
       [1634, 2454],
       [1880, 2460],
       [1877, 2709]]), array([[1634, 2454],
       [1637, 2206],
       [1883, 2211],
       [1880, 2460]]), array([[1637, 2206],
       [1640, 1982],
       [1886, 1988],
       [1883, 2211]]), array([[1874, 2933],
       [1877, 2709],
       [2099, 2714],
       [2096, 2938]]), array([[1877, 2709],
       [1880, 2460],
       [2102, 2465],
       [2099, 2714]]), array([[1880, 2460],
       [1883, 2211],
       [2104, 2216],
       [2102, 2465]]), array([[1883, 2211],
       [1886, 1988],
       [2107, 1992],
       [2104, 2216]])]