Big box:
[array([ 899, 1814]), array([1878, 1811]), array([1875, 2788]), array([ 899, 2782])]

Small boxes:
[array([[ 899, 1814],
       [1131, 1813],
       [1131, 2043],
       [ 899, 2043]]), array([[1131, 1813],
       [1388, 1812],
       [1388, 2043],
       [1131, 2043]]), array([[1388, 1812],
       [1646, 1812],
       [1646, 2043],
       [1388, 2043]]), array([[1646, 1812],
       [1878, 1811],
       [1877, 2042],
       [1646, 2043]]), array([[ 899, 2043],
       [1131, 2043],
       [1131, 2298],
       [ 899, 2298]]), array([[1131, 2043],
       [1388, 2043],
       [1388, 2299],
       [1131, 2298]]), array([[1388, 2043],
       [1646, 2043],
       [1645, 2299],
       [1388, 2299]]), array([[1646, 2043],
       [1877, 2042],
       [1876, 2300],
       [1645, 2299]]), array([[ 899, 2298],
       [1131, 2298],
       [1130, 2554],
       [ 899, 2553]]), array([[1131, 2298],
       [1388, 2299],
       [1387, 2555],
       [1130, 2554]]), array([[1388, 2299],
       [1645, 2299],
       [1644, 2556],
       [1387, 2555]]), array([[1645, 2299],
       [1876, 2300],
       [1876, 2557],
       [1644, 2556]]), array([[ 899, 2553],
       [1130, 2554],
       [1130, 2783],
       [ 899, 2782]]), array([[1130, 2554],
       [1387, 2555],
       [1387, 2785],
       [1130, 2783]]), array([[1387, 2555],
       [1644, 2556],
       [1644, 2787],
       [1387, 2785]]), array([[1644, 2556],
       [1876, 2557],
       [1875, 2788],
       [1644, 2787]])]