Big box:
[array([ 847, 2500]), array([ 871, 1341]), array([2028, 1377]), array([1996, 2521])]

Small boxes:
[array([[ 847, 2500],
       [ 853, 2226],
       [1125, 2231],
       [1119, 2505]]), array([[ 853, 2226],
       [ 859, 1920],
       [1132, 1927],
       [1125, 2231]]), array([[ 859, 1920],
       [ 865, 1616],
       [1139, 1623],
       [1132, 1927]]), array([[ 865, 1616],
       [ 871, 1341],
       [1145, 1350],
       [1139, 1623]]), array([[1119, 2505],
       [1125, 2231],
       [1428, 2238],
       [1422, 2510]]), array([[1125, 2231],
       [1132, 1927],
       [1436, 1935],
       [1428, 2238]]), array([[1132, 1927],
       [1139, 1623],
       [1443, 1632],
       [1436, 1935]]), array([[1139, 1623],
       [1145, 1350],
       [1450, 1359],
       [1443, 1632]]), array([[1422, 2510],
       [1428, 2238],
       [1731, 2244],
       [1724, 2516]]), array([[1428, 2238],
       [1436, 1935],
       [1739, 1942],
       [1731, 2244]]), array([[1436, 1935],
       [1443, 1632],
       [1747, 1640],
       [1739, 1942]]), array([[1443, 1632],
       [1450, 1359],
       [1754, 1368],
       [1747, 1640]]), array([[1724, 2516],
       [1731, 2244],
       [2004, 2250],
       [1996, 2521]]), array([[1731, 2244],
       [1739, 1942],
       [2012, 1949],
       [2004, 2250]]), array([[1739, 1942],
       [1747, 1640],
       [2020, 1648],
       [2012, 1949]]), array([[1747, 1640],
       [1754, 1368],
       [2028, 1377],
       [2020, 1648]])]