Big box:
[array([ 692, 2879]), array([ 723, 1632]), array([1972, 1663]), array([1943, 2899])]

Small boxes:
[array([[ 692, 2879],
       [ 699, 2584],
       [ 996, 2589],
       [ 988, 2884]]), array([[ 699, 2584],
       [ 708, 2256],
       [1004, 2262],
       [ 996, 2589]]), array([[ 708, 2256],
       [ 716, 1927],
       [1012, 1934],
       [1004, 2262]]), array([[ 716, 1927],
       [ 723, 1632],
       [1019, 1639],
       [1012, 1934]]), array([[ 988, 2884],
       [ 996, 2589],
       [1325, 2595],
       [1318, 2889]]), array([[ 996, 2589],
       [1004, 2262],
       [1332, 2268],
       [1325, 2595]]), array([[1004, 2262],
       [1012, 1934],
       [1340, 1942],
       [1332, 2268]]), array([[1012, 1934],
       [1019, 1639],
       [1348, 1648],
       [1340, 1942]]), array([[1318, 2889],
       [1325, 2595],
       [1654, 2601],
       [1647, 2894]]), array([[1325, 2595],
       [1332, 2268],
       [1661, 2275],
       [1654, 2601]]), array([[1332, 2268],
       [1340, 1942],
       [1669, 1949],
       [1661, 2275]]), array([[1340, 1942],
       [1348, 1648],
       [1676, 1656],
       [1669, 1949]]), array([[1647, 2894],
       [1654, 2601],
       [1950, 2606],
       [1943, 2899]]), array([[1654, 2601],
       [1661, 2275],
       [1958, 2281],
       [1950, 2606]]), array([[1661, 2275],
       [1669, 1949],
       [1965, 1956],
       [1958, 2281]]), array([[1669, 1949],
       [1676, 1656],
       [1972, 1663],
       [1965, 1956]])]