Big box:
[array([1192, 2914]), array([1220, 1945]), array([2187, 1974]), array([2168, 2945])]

Small boxes:
[array([[1192, 2914],
       [1199, 2684],
       [1429, 2692],
       [1423, 2921]]), array([[1199, 2684],
       [1206, 2430],
       [1436, 2437],
       [1429, 2692]]), array([[1206, 2430],
       [1213, 2174],
       [1443, 2181],
       [1436, 2437]]), array([[1213, 2174],
       [1220, 1945],
       [1449, 1952],
       [1443, 2181]]), array([[1423, 2921],
       [1429, 2692],
       [1686, 2700],
       [1680, 2930]]), array([[1429, 2692],
       [1436, 2437],
       [1692, 2444],
       [1686, 2700]]), array([[1436, 2437],
       [1443, 2181],
       [1698, 2189],
       [1692, 2444]]), array([[1443, 2181],
       [1449, 1952],
       [1704, 1960],
       [1698, 2189]]), array([[1680, 2930],
       [1686, 2700],
       [1942, 2708],
       [1937, 2938]]), array([[1686, 2700],
       [1692, 2444],
       [1947, 2452],
       [1942, 2708]]), array([[1692, 2444],
       [1698, 2189],
       [1953, 2197],
       [1947, 2452]]), array([[1698, 2189],
       [1704, 1960],
       [1958, 1967],
       [1953, 2197]]), array([[1937, 2938],
       [1942, 2708],
       [2172, 2715],
       [2168, 2945]]), array([[1942, 2708],
       [1947, 2452],
       [2178, 2460],
       [2172, 2715]]), array([[1947, 2452],
       [1953, 2197],
       [2182, 2204],
       [2178, 2460]]), array([[1953, 2197],
       [1958, 1967],
       [2187, 1974],
       [2182, 2204]])]