Big box:
[array([1067, 1414]), array([2202, 1380]), array([2226, 2511]), array([1097, 2538])]

Small boxes:
[array([[1067, 1414],
       [1336, 1406],
       [1343, 1673],
       [1074, 1680]]), array([[1336, 1406],
       [1634, 1397],
       [1641, 1664],
       [1343, 1673]]), array([[1634, 1397],
       [1933, 1388],
       [1939, 1656],
       [1641, 1664]]), array([[1933, 1388],
       [2202, 1380],
       [2208, 1648],
       [1939, 1656]]), array([[1074, 1680],
       [1343, 1673],
       [1350, 1969],
       [1082, 1976]]), array([[1343, 1673],
       [1641, 1664],
       [1648, 1961],
       [1350, 1969]]), array([[1641, 1664],
       [1939, 1656],
       [1946, 1953],
       [1648, 1961]]), array([[1939, 1656],
       [2208, 1648],
       [2214, 1946],
       [1946, 1953]]), array([[1082, 1976],
       [1350, 1969],
       [1358, 2265],
       [1090, 2272]]), array([[1350, 1969],
       [1648, 1961],
       [1655, 2257],
       [1358, 2265]]), array([[1648, 1961],
       [1946, 1953],
       [1953, 2250],
       [1655, 2257]]), array([[1946, 1953],
       [2214, 1946],
       [2220, 2243],
       [1953, 2250]]), array([[1090, 2272],
       [1358, 2265],
       [1364, 2532],
       [1097, 2538]]), array([[1358, 2265],
       [1655, 2257],
       [1662, 2524],
       [1364, 2532]]), array([[1655, 2257],
       [1953, 2250],
       [1959, 2517],
       [1662, 2524]]), array([[1953, 2250],
       [2220, 2243],
       [2226, 2511],
       [1959, 2517]])]