Big box:
[array([ 908, 2803]), array([ 947, 1847]), array([1901, 1874]), array([1868, 2839])]

Small boxes:
[array([[ 908, 2803],
       [ 917, 2577],
       [1144, 2585],
       [1135, 2812]]), array([[ 917, 2577],
       [ 928, 2325],
       [1154, 2332],
       [1144, 2585]]), array([[ 928, 2325],
       [ 938, 2073],
       [1164, 2080],
       [1154, 2332]]), array([[ 938, 2073],
       [ 947, 1847],
       [1173, 1853],
       [1164, 2080]]), array([[1135, 2812],
       [1144, 2585],
       [1397, 2594],
       [1388, 2821]]), array([[1144, 2585],
       [1154, 2332],
       [1406, 2341],
       [1397, 2594]]), array([[1154, 2332],
       [1164, 2080],
       [1415, 2088],
       [1406, 2341]]), array([[1164, 2080],
       [1173, 1853],
       [1424, 1860],
       [1415, 2088]]), array([[1388, 2821],
       [1397, 2594],
       [1649, 2602],
       [1641, 2830]]), array([[1397, 2594],
       [1406, 2341],
       [1658, 2349],
       [1649, 2602]]), array([[1406, 2341],
       [1415, 2088],
       [1667, 2096],
       [1658, 2349]]), array([[1415, 2088],
       [1424, 1860],
       [1675, 1868],
       [1667, 2096]]), array([[1641, 2830],
       [1649, 2602],
       [1876, 2610],
       [1868, 2839]]), array([[1649, 2602],
       [1658, 2349],
       [1884, 2356],
       [1876, 2610]]), array([[1658, 2349],
       [1667, 2096],
       [1893, 2103],
       [1884, 2356]]), array([[1667, 2096],
       [1675, 1868],
       [1901, 1874],
       [1893, 2103]])]