Big box:
[array([1144, 2923]), array([1165, 1980]), array([2091, 2004]), array([2082, 2938])]

Small boxes:
[array([[1144, 2923],
       [1149, 2700],
       [1370, 2704],
       [1366, 2927]]), array([[1149, 2700],
       [1154, 2452],
       [1375, 2456],
       [1370, 2704]]), array([[1154, 2452],
       [1160, 2203],
       [1380, 2209],
       [1375, 2456]]), array([[1160, 2203],
       [1165, 1980],
       [1384, 1986],
       [1380, 2209]]), array([[1366, 2927],
       [1370, 2704],
       [1617, 2708],
       [1613, 2930]]), array([[1370, 2704],
       [1375, 2456],
       [1620, 2461],
       [1617, 2708]]), array([[1375, 2456],
       [1380, 2209],
       [1624, 2214],
       [1620, 2461]]), array([[1380, 2209],
       [1384, 1986],
       [1628, 1992],
       [1624, 2214]]), array([[1613, 2930],
       [1617, 2708],
       [1863, 2713],
       [1860, 2934]]), array([[1617, 2708],
       [1620, 2461],
       [1866, 2466],
       [1863, 2713]]), array([[1620, 2461],
       [1624, 2214],
       [1869, 2220],
       [1866, 2466]]), array([[1624, 2214],
       [1628, 1992],
       [1872, 1998],
       [1869, 2220]]), array([[1860, 2934],
       [1863, 2713],
       [2084, 2717],
       [2082, 2938]]), array([[1863, 2713],
       [1866, 2466],
       [2086, 2471],
       [2084, 2717]]), array([[1866, 2466],
       [1869, 2220],
       [2089, 2225],
       [2086, 2471]]), array([[1869, 2220],
       [1872, 1998],
       [2091, 2004],
       [2089, 2225]])]