Big box:
[array([1239, 2985]), array([1277, 1986]), array([2259, 2012]), array([2253, 3026])]

Small boxes:
[array([[1239, 2985],
       [1248, 2748],
       [1486, 2757],
       [1479, 2995]]), array([[1248, 2748],
       [1258, 2486],
       [1494, 2493],
       [1486, 2757]]), array([[1258, 2486],
       [1268, 2223],
       [1502, 2230],
       [1494, 2493]]), array([[1268, 2223],
       [1277, 1986],
       [1510, 1992],
       [1502, 2230]]), array([[1479, 2995],
       [1486, 2757],
       [1751, 2767],
       [1746, 3006]]), array([[1486, 2757],
       [1494, 2493],
       [1757, 2502],
       [1751, 2767]]), array([[1494, 2493],
       [1502, 2230],
       [1763, 2237],
       [1757, 2502]]), array([[1502, 2230],
       [1510, 1992],
       [1768, 1999],
       [1763, 2237]]), array([[1746, 3006],
       [1751, 2767],
       [2016, 2777],
       [2013, 3016]]), array([[1751, 2767],
       [1757, 2502],
       [2020, 2511],
       [2016, 2777]]), array([[1757, 2502],
       [1763, 2237],
       [2023, 2245],
       [2020, 2511]]), array([[1763, 2237],
       [1768, 1999],
       [2026, 2006],
       [2023, 2245]]), array([[2013, 3016],
       [2016, 2777],
       [2254, 2786],
       [2253, 3026]]), array([[2016, 2777],
       [2020, 2511],
       [2256, 2519],
       [2254, 2786]]), array([[2020, 2511],
       [2023, 2245],
       [2258, 2252],
       [2256, 2519]]), array([[2023, 2245],
       [2026, 2006],
       [2259, 2012],
       [2258, 2252]])]