Big box:
[array([1045, 1615]), array([2165, 1594]), array([2196, 2709]), array([1067, 2740])]

Small boxes:
[array([[1045, 1615],
       [1310, 1610],
       [1316, 1876],
       [1050, 1881]]), array([[1310, 1610],
       [1605, 1604],
       [1611, 1870],
       [1316, 1876]]), array([[1605, 1604],
       [1900, 1599],
       [1907, 1864],
       [1611, 1870]]), array([[1900, 1599],
       [2165, 1594],
       [2172, 1858],
       [1907, 1864]]), array([[1050, 1881],
       [1316, 1876],
       [1322, 2171],
       [1056, 2178]]), array([[1316, 1876],
       [1611, 1870],
       [1618, 2164],
       [1322, 2171]]), array([[1611, 1870],
       [1907, 1864],
       [1914, 2158],
       [1618, 2164]]), array([[1907, 1864],
       [2172, 1858],
       [2180, 2152],
       [1914, 2158]]), array([[1056, 2178],
       [1322, 2171],
       [1329, 2467],
       [1062, 2474]]), array([[1322, 2171],
       [1618, 2164],
       [1625, 2459],
       [1329, 2467]]), array([[1618, 2164],
       [1914, 2158],
       [1922, 2452],
       [1625, 2459]]), array([[1914, 2158],
       [2180, 2152],
       [2189, 2445],
       [1922, 2452]]), array([[1062, 2474],
       [1329, 2467],
       [1334, 2733],
       [1067, 2740]]), array([[1329, 2467],
       [1625, 2459],
       [1632, 2724],
       [1334, 2733]]), array([[1625, 2459],
       [1922, 2452],
       [1929, 2716],
       [1632, 2724]]), array([[1922, 2452],
       [2189, 2445],
       [2196, 2709],
       [1929, 2716]])]