Big box:
[array([1019, 2787]), array([1062, 1829]), array([2012, 1853]), array([1997, 2826])]

Small boxes:
[array([[1019, 2787],
       [1029, 2560],
       [1259, 2569],
       [1251, 2796]]), array([[1029, 2560],
       [1040, 2308],
       [1269, 2315],
       [1259, 2569]]), array([[1040, 2308],
       [1052, 2056],
       [1278, 2062],
       [1269, 2315]]), array([[1052, 2056],
       [1062, 1829],
       [1287, 1835],
       [1278, 2062]]), array([[1251, 2796],
       [1259, 2569],
       [1515, 2578],
       [1508, 2806]]), array([[1259, 2569],
       [1269, 2315],
       [1522, 2324],
       [1515, 2578]]), array([[1269, 2315],
       [1278, 2062],
       [1530, 2070],
       [1522, 2324]]), array([[1278, 2062],
       [1287, 1835],
       [1537, 1841],
       [1530, 2070]]), array([[1508, 2806],
       [1515, 2578],
       [1770, 2587],
       [1765, 2817]]), array([[1515, 2578],
       [1522, 2324],
       [1776, 2332],
       [1770, 2587]]), array([[1522, 2324],
       [1530, 2070],
       [1782, 2077],
       [1776, 2332]]), array([[1530, 2070],
       [1537, 1841],
       [1787, 1847],
       [1782, 2077]]), array([[1765, 2817],
       [1770, 2587],
       [2001, 2596],
       [1997, 2826]]), array([[1770, 2587],
       [1776, 2332],
       [2004, 2340],
       [2001, 2596]]), array([[1776, 2332],
       [1782, 2077],
       [2008, 2083],
       [2004, 2340]]), array([[1782, 2077],
       [1787, 1847],
       [2012, 1853],
       [2008, 2083]])]