Big box:
[array([ 870, 2552]), array([ 892, 1428]), array([2011, 1445]), array([1994, 2569])]

Small boxes:
[array([[ 870, 2552],
       [ 875, 2286],
       [1141, 2290],
       [1136, 2556]]), array([[ 875, 2286],
       [ 881, 1990],
       [1147, 1994],
       [1141, 2290]]), array([[ 881, 1990],
       [ 887, 1694],
       [1152, 1698],
       [1147, 1994]]), array([[ 887, 1694],
       [ 892, 1428],
       [1157, 1432],
       [1152, 1698]]), array([[1136, 2556],
       [1141, 2290],
       [1437, 2294],
       [1432, 2560]]), array([[1141, 2290],
       [1147, 1994],
       [1442, 1998],
       [1437, 2294]]), array([[1147, 1994],
       [1152, 1698],
       [1447, 1703],
       [1442, 1998]]), array([[1152, 1698],
       [1157, 1432],
       [1452, 1436],
       [1447, 1703]]), array([[1432, 2560],
       [1437, 2294],
       [1732, 2299],
       [1728, 2565]]), array([[1437, 2294],
       [1442, 1998],
       [1737, 2003],
       [1732, 2299]]), array([[1442, 1998],
       [1447, 1703],
       [1742, 1707],
       [1737, 2003]]), array([[1447, 1703],
       [1452, 1436],
       [1746, 1441],
       [1742, 1707]]), array([[1728, 2565],
       [1732, 2299],
       [1998, 2303],
       [1994, 2569]]), array([[1732, 2299],
       [1737, 2003],
       [2002, 2007],
       [1998, 2303]]), array([[1737, 2003],
       [1742, 1707],
       [2007, 1711],
       [2002, 2007]]), array([[1742, 1707],
       [1746, 1441],
       [2011, 1445],
       [2007, 1711]])]