Big box:
[array([1101, 1677]), array([2257, 1669]), array([2277, 2818]), array([1110, 2836])]

Small boxes:
[array([[1101, 1677],
       [1375, 1675],
       [1378, 1949],
       [1103, 1952]]), array([[1375, 1675],
       [1679, 1673],
       [1682, 1946],
       [1378, 1949]]), array([[1679, 1673],
       [1983, 1671],
       [1987, 1944],
       [1682, 1946]]), array([[1983, 1671],
       [2257, 1669],
       [2262, 1941],
       [1987, 1944]]), array([[1103, 1952],
       [1378, 1949],
       [1381, 2253],
       [1106, 2256]]), array([[1378, 1949],
       [1682, 1946],
       [1686, 2250],
       [1381, 2253]]), array([[1682, 1946],
       [1987, 1944],
       [1992, 2247],
       [1686, 2250]]), array([[1987, 1944],
       [2262, 1941],
       [2267, 2244],
       [1992, 2247]]), array([[1106, 2256],
       [1381, 2253],
       [1384, 2558],
       [1108, 2562]]), array([[1381, 2253],
       [1686, 2250],
       [1690, 2554],
       [1384, 2558]]), array([[1686, 2250],
       [1992, 2247],
       [1996, 2550],
       [1690, 2554]]), array([[1992, 2247],
       [2267, 2244],
       [2272, 2546],
       [1996, 2550]]), array([[1108, 2562],
       [1384, 2558],
       [1386, 2832],
       [1110, 2836]]), array([[1384, 2558],
       [1690, 2554],
       [1694, 2827],
       [1386, 2832]]), array([[1690, 2554],
       [1996, 2550],
       [2001, 2822],
       [1694, 2827]]), array([[1996, 2550],
       [2272, 2546],
       [2277, 2818],
       [2001, 2822]])]