Big box:
[array([ 964, 2845]), array([1000, 1861]), array([1971, 1893]), array([1945, 2874])]

Small boxes:
[array([[ 964, 2845],
       [ 973, 2612],
       [1204, 2619],
       [1196, 2852]]), array([[ 973, 2612],
       [ 982, 2353],
       [1213, 2360],
       [1204, 2619]]), array([[ 982, 2353],
       [ 991, 2094],
       [1222, 2101],
       [1213, 2360]]), array([[ 991, 2094],
       [1000, 1861],
       [1230, 1869],
       [1222, 2101]]), array([[1196, 2852],
       [1204, 2619],
       [1462, 2627],
       [1454, 2860]]), array([[1204, 2619],
       [1213, 2360],
       [1470, 2368],
       [1462, 2627]]), array([[1213, 2360],
       [1222, 2101],
       [1478, 2110],
       [1470, 2368]]), array([[1222, 2101],
       [1230, 1869],
       [1486, 1877],
       [1478, 2110]]), array([[1454, 2860],
       [1462, 2627],
       [1719, 2635],
       [1713, 2867]]), array([[1462, 2627],
       [1470, 2368],
       [1727, 2376],
       [1719, 2635]]), array([[1470, 2368],
       [1478, 2110],
       [1734, 2118],
       [1727, 2376]]), array([[1478, 2110],
       [1486, 1877],
       [1741, 1885],
       [1734, 2118]]), array([[1713, 2867],
       [1719, 2635],
       [1951, 2642],
       [1945, 2874]]), array([[1719, 2635],
       [1727, 2376],
       [1958, 2384],
       [1951, 2642]]), array([[1727, 2376],
       [1734, 2118],
       [1965, 2125],
       [1958, 2384]]), array([[1734, 2118],
       [1741, 1885],
       [1971, 1893],
       [1965, 2125]])]