Big box:
[array([ 932, 3089]), array([ 991, 2089]), array([1967, 2133]), array([1932, 3138])]

Small boxes:
[array([[ 932, 3089],
       [ 946, 2852],
       [1181, 2863],
       [1169, 3101]]), array([[ 946, 2852],
       [ 962, 2589],
       [1196, 2600],
       [1181, 2863]]), array([[ 962, 2589],
       [ 977, 2326],
       [1210, 2337],
       [1196, 2600]]), array([[ 977, 2326],
       [ 991, 2089],
       [1222, 2099],
       [1210, 2337]]), array([[1169, 3101],
       [1181, 2863],
       [1443, 2876],
       [1432, 3114]]), array([[1181, 2863],
       [1196, 2600],
       [1456, 2612],
       [1443, 2876]]), array([[1196, 2600],
       [1210, 2337],
       [1468, 2348],
       [1456, 2612]]), array([[1210, 2337],
       [1222, 2099],
       [1479, 2111],
       [1468, 2348]]), array([[1432, 3114],
       [1443, 2876],
       [1705, 2889],
       [1695, 3126]]), array([[1443, 2876],
       [1456, 2612],
       [1716, 2624],
       [1705, 2889]]), array([[1456, 2612],
       [1468, 2348],
       [1726, 2360],
       [1716, 2624]]), array([[1468, 2348],
       [1479, 2111],
       [1736, 2123],
       [1726, 2360]]), array([[1695, 3126],
       [1705, 2889],
       [1940, 2900],
       [1932, 3138]]), array([[1705, 2889],
       [1716, 2624],
       [1950, 2636],
       [1940, 2900]]), array([[1716, 2624],
       [1726, 2360],
       [1959, 2371],
       [1950, 2636]]), array([[1726, 2360],
       [1736, 2123],
       [1967, 2133],
       [1959, 2371]])]