Big box:
[array([1205, 1673]), array([2357, 1656]), array([2379, 2821]), array([1219, 2819])]

Small boxes:
[array([[1205, 1673],
       [1478, 1669],
       [1482, 1941],
       [1208, 1944]]), array([[1478, 1669],
       [1781, 1664],
       [1785, 1938],
       [1482, 1941]]), array([[1781, 1664],
       [2084, 1660],
       [2089, 1935],
       [1785, 1938]]), array([[2084, 1660],
       [2357, 1656],
       [2362, 1932],
       [2089, 1935]]), array([[1208, 1944],
       [1482, 1941],
       [1486, 2244],
       [1212, 2246]]), array([[1482, 1941],
       [1785, 1938],
       [1790, 2242],
       [1486, 2244]]), array([[1785, 1938],
       [2089, 1935],
       [2094, 2240],
       [1790, 2242]]), array([[2089, 1935],
       [2362, 1932],
       [2368, 2238],
       [2094, 2240]]), array([[1212, 2246],
       [1486, 2244],
       [1490, 2547],
       [1216, 2548]]), array([[1486, 2244],
       [1790, 2242],
       [1795, 2546],
       [1490, 2547]]), array([[1790, 2242],
       [2094, 2240],
       [2100, 2546],
       [1795, 2546]]), array([[2094, 2240],
       [2368, 2238],
       [2374, 2545],
       [2100, 2546]]), array([[1216, 2548],
       [1490, 2547],
       [1494, 2819],
       [1219, 2819]]), array([[1490, 2547],
       [1795, 2546],
       [1799, 2820],
       [1494, 2819]]), array([[1795, 2546],
       [2100, 2546],
       [2104, 2821],
       [1799, 2820]]), array([[2100, 2546],
       [2374, 2545],
       [2379, 2821],
       [2104, 2821]])]