Big box:
[array([ 975, 2733]), array([1008, 1494]), array([2242, 1527]), array([2209, 2761])]

Small boxes:
[array([[ 975, 2733],
       [ 983, 2440],
       [1275, 2446],
       [1267, 2740]]), array([[ 983, 2440],
       [ 992, 2114],
       [1284, 2121],
       [1275, 2446]]), array([[ 992, 2114],
       [1000, 1787],
       [1292, 1795],
       [1284, 2121]]), array([[1000, 1787],
       [1008, 1494],
       [1300, 1502],
       [1292, 1795]]), array([[1267, 2740],
       [1275, 2446],
       [1600, 2454],
       [1592, 2747]]), array([[1275, 2446],
       [1284, 2121],
       [1608, 2129],
       [1600, 2454]]), array([[1284, 2121],
       [1292, 1795],
       [1617, 1803],
       [1608, 2129]]), array([[1292, 1795],
       [1300, 1502],
       [1625, 1510],
       [1617, 1803]]), array([[1592, 2747],
       [1600, 2454],
       [1925, 2462],
       [1917, 2754]]), array([[1600, 2454],
       [1608, 2129],
       [1933, 2137],
       [1925, 2462]]), array([[1608, 2129],
       [1617, 1803],
       [1942, 1812],
       [1933, 2137]]), array([[1617, 1803],
       [1625, 1510],
       [1950, 1519],
       [1942, 1812]]), array([[1917, 2754],
       [1925, 2462],
       [2217, 2469],
       [2209, 2761]]), array([[1925, 2462],
       [1933, 2137],
       [2226, 2144],
       [2217, 2469]]), array([[1933, 2137],
       [1942, 1812],
       [2234, 1819],
       [2226, 2144]]), array([[1942, 1812],
       [1950, 1519],
       [2242, 1527],
       [2234, 1819]])]