Big box:
[array([1145, 1717]), array([2268, 1679]), array([2306, 2819]), array([1166, 2827])]

Small boxes:
[array([[1145, 1717],
       [1411, 1708],
       [1417, 1973],
       [1150, 1980]]), array([[1411, 1708],
       [1706, 1698],
       [1713, 1964],
       [1417, 1973]]), array([[1706, 1698],
       [2002, 1688],
       [2010, 1956],
       [1713, 1964]]), array([[2002, 1688],
       [2268, 1679],
       [2277, 1949],
       [2010, 1956]]), array([[1150, 1980],
       [1417, 1973],
       [1423, 2267],
       [1156, 2272]]), array([[1417, 1973],
       [1713, 1964],
       [1721, 2260],
       [1423, 2267]]), array([[1713, 1964],
       [2010, 1956],
       [2019, 2254],
       [1721, 2260]]), array([[2010, 1956],
       [2277, 1949],
       [2287, 2249],
       [2019, 2254]]), array([[1156, 2272],
       [1423, 2267],
       [1430, 2561],
       [1161, 2564]]), array([[1423, 2267],
       [1721, 2260],
       [1729, 2557],
       [1430, 2561]]), array([[1721, 2260],
       [2019, 2254],
       [2028, 2553],
       [1729, 2557]]), array([[2019, 2254],
       [2287, 2249],
       [2297, 2549],
       [2028, 2553]]), array([[1161, 2564],
       [1430, 2561],
       [1436, 2825],
       [1166, 2827]]), array([[1430, 2561],
       [1729, 2557],
       [1736, 2823],
       [1436, 2825]]), array([[1729, 2557],
       [2028, 2553],
       [2036, 2821],
       [1736, 2823]]), array([[2028, 2553],
       [2297, 2549],
       [2306, 2819],
       [2036, 2821]])]