Big box:
[array([1006, 2841]), array([1016, 1874]), array([1966, 1875]), array([1977, 2842])]

Small boxes:
[array([[1006, 2841],
       [1008, 2612],
       [1237, 2612],
       [1236, 2841]]), array([[1008, 2612],
       [1011, 2358],
       [1238, 2358],
       [1237, 2612]]), array([[1011, 2358],
       [1014, 2103],
       [1240, 2103],
       [1238, 2358]]), array([[1014, 2103],
       [1016, 1874],
       [1241, 1874],
       [1240, 2103]]), array([[1236, 2841],
       [1237, 2612],
       [1491, 2612],
       [1492, 2842]]), array([[1237, 2612],
       [1238, 2358],
       [1491, 2358],
       [1491, 2612]]), array([[1238, 2358],
       [1240, 2103],
       [1491, 2104],
       [1491, 2358]]), array([[1240, 2103],
       [1241, 1874],
       [1491, 1874],
       [1491, 2104]]), array([[1492, 2842],
       [1491, 2612],
       [1746, 2613],
       [1747, 2842]]), array([[1491, 2612],
       [1491, 2358],
       [1744, 2358],
       [1746, 2613]]), array([[1491, 2358],
       [1491, 2104],
       [1742, 2104],
       [1744, 2358]]), array([[1491, 2104],
       [1491, 1874],
       [1741, 1875],
       [1742, 2104]]), array([[1747, 2842],
       [1746, 2613],
       [1974, 2613],
       [1977, 2842]]), array([[1746, 2613],
       [1744, 2358],
       [1972, 2358],
       [1974, 2613]]), array([[1744, 2358],
       [1742, 2104],
       [1969, 2104],
       [1972, 2358]]), array([[1742, 2104],
       [1741, 1875],
       [1966, 1875],
       [1969, 2104]])]