Big box:
[array([1089, 1446]), array([2222, 1425]), array([2240, 2561]), array([1100, 2570])]

Small boxes:
[array([[1089, 1446],
       [1357, 1441],
       [1360, 1708],
       [1092, 1712]]), array([[1357, 1441],
       [1656, 1436],
       [1659, 1703],
       [1360, 1708]]), array([[1656, 1436],
       [1954, 1430],
       [1958, 1698],
       [1659, 1703]]), array([[1954, 1430],
       [2222, 1425],
       [2226, 1694],
       [1958, 1698]]), array([[1092, 1712],
       [1360, 1708],
       [1364, 2004],
       [1094, 2008]]), array([[1360, 1708],
       [1659, 1703],
       [1663, 2000],
       [1364, 2004]]), array([[1659, 1703],
       [1958, 1698],
       [1962, 1997],
       [1663, 2000]]), array([[1958, 1698],
       [2226, 1694],
       [2231, 1993],
       [1962, 1997]]), array([[1094, 2008],
       [1364, 2004],
       [1367, 2301],
       [1097, 2304]]), array([[1364, 2004],
       [1663, 2000],
       [1667, 2298],
       [1367, 2301]]), array([[1663, 2000],
       [1962, 1997],
       [1966, 2295],
       [1667, 2298]]), array([[1962, 1997],
       [2231, 1993],
       [2236, 2292],
       [1966, 2295]]), array([[1097, 2304],
       [1367, 2301],
       [1370, 2568],
       [1100, 2570]]), array([[1367, 2301],
       [1667, 2298],
       [1670, 2566],
       [1370, 2568]]), array([[1667, 2298],
       [1966, 2295],
       [1970, 2563],
       [1670, 2566]]), array([[1966, 2295],
       [2236, 2292],
       [2240, 2561],
       [1970, 2563]])]