Big box:
[array([ 990, 3181]), array([1044, 2167]), array([2014, 2202]), array([2008, 3204])]

Small boxes:
[array([[ 990, 3181],
       [1003, 2941],
       [1241, 2947],
       [1231, 3186]]), array([[1003, 2941],
       [1017, 2674],
       [1252, 2681],
       [1241, 2947]]), array([[1017, 2674],
       [1031, 2407],
       [1264, 2415],
       [1252, 2681]]), array([[1031, 2407],
       [1044, 2167],
       [1274, 2175],
       [1264, 2415]]), array([[1231, 3186],
       [1241, 2947],
       [1506, 2954],
       [1499, 3192]]), array([[1241, 2947],
       [1252, 2681],
       [1514, 2688],
       [1506, 2954]]), array([[1252, 2681],
       [1264, 2415],
       [1522, 2423],
       [1514, 2688]]), array([[1264, 2415],
       [1274, 2175],
       [1529, 2184],
       [1522, 2423]]), array([[1499, 3192],
       [1506, 2954],
       [1771, 2961],
       [1767, 3199]]), array([[1506, 2954],
       [1514, 2688],
       [1776, 2696],
       [1771, 2961]]), array([[1514, 2688],
       [1522, 2423],
       [1780, 2432],
       [1776, 2696]]), array([[1522, 2423],
       [1529, 2184],
       [1784, 2194],
       [1780, 2432]]), array([[1767, 3199],
       [1771, 2961],
       [2009, 2967],
       [2008, 3204]]), array([[1771, 2961],
       [1776, 2696],
       [2011, 2703],
       [2009, 2967]]), array([[1776, 2696],
       [1780, 2432],
       [2013, 2439],
       [2011, 2703]]), array([[1780, 2432],
       [1784, 2194],
       [2014, 2202],
       [2013, 2439]])]