Big box:
[array([ 996, 2796]), array([1009, 1864]), array([1928, 1866]), array([1935, 2795])]

Small boxes:
[array([[ 996, 2796],
       [ 999, 2575],
       [1220, 2575],
       [1218, 2796]]), array([[ 999, 2575],
       [1002, 2330],
       [1223, 2330],
       [1220, 2575]]), array([[1002, 2330],
       [1006, 2085],
       [1225, 2085],
       [1223, 2330]]), array([[1006, 2085],
       [1009, 1864],
       [1227, 1864],
       [1225, 2085]]), array([[1218, 2796],
       [1220, 2575],
       [1466, 2575],
       [1466, 2796]]), array([[1220, 2575],
       [1223, 2330],
       [1467, 2330],
       [1466, 2575]]), array([[1223, 2330],
       [1225, 2085],
       [1468, 2085],
       [1467, 2330]]), array([[1225, 2085],
       [1227, 1864],
       [1468, 1865],
       [1468, 2085]]), array([[1466, 2796],
       [1466, 2575],
       [1712, 2575],
       [1713, 2795]]), array([[1466, 2575],
       [1467, 2330],
       [1711, 2330],
       [1712, 2575]]), array([[1467, 2330],
       [1468, 2085],
       [1711, 2086],
       [1711, 2330]]), array([[1468, 2085],
       [1468, 1865],
       [1710, 1866],
       [1711, 2086]]), array([[1713, 2795],
       [1712, 2575],
       [1933, 2575],
       [1935, 2795]]), array([[1712, 2575],
       [1711, 2330],
       [1932, 2330],
       [1933, 2575]]), array([[1711, 2330],
       [1711, 2086],
       [1930, 2086],
       [1932, 2330]]), array([[1711, 2086],
       [1710, 1866],
       [1928, 1866],
       [1930, 2086]])]