Big box:
[array([1047, 2953]), array([1059, 1975]), array([2019, 1978]), array([2031, 2959])]

Small boxes:
[array([[1047, 2953],
       [1050, 2721],
       [1282, 2723],
       [1280, 2954]]), array([[1050, 2721],
       [1053, 2464],
       [1283, 2465],
       [1282, 2723]]), array([[1053, 2464],
       [1056, 2207],
       [1285, 2208],
       [1283, 2465]]), array([[1056, 2207],
       [1059, 1975],
       [1286, 1976],
       [1285, 2208]]), array([[1280, 2954],
       [1282, 2723],
       [1539, 2724],
       [1539, 2956]]), array([[1282, 2723],
       [1283, 2465],
       [1539, 2466],
       [1539, 2724]]), array([[1283, 2465],
       [1285, 2208],
       [1539, 2208],
       [1539, 2466]]), array([[1285, 2208],
       [1286, 1976],
       [1539, 1976],
       [1539, 2208]]), array([[1539, 2956],
       [1539, 2724],
       [1796, 2725],
       [1798, 2958]]), array([[1539, 2724],
       [1539, 2466],
       [1795, 2467],
       [1796, 2725]]), array([[1539, 2466],
       [1539, 2208],
       [1793, 2209],
       [1795, 2467]]), array([[1539, 2208],
       [1539, 1976],
       [1792, 1977],
       [1793, 2209]]), array([[1798, 2958],
       [1796, 2725],
       [2028, 2727],
       [2031, 2959]]), array([[1796, 2725],
       [1795, 2467],
       [2025, 2468],
       [2028, 2727]]), array([[1795, 2467],
       [1793, 2209],
       [2022, 2210],
       [2025, 2468]]), array([[1793, 2209],
       [1792, 1977],
       [2019, 1978],
       [2022, 2210]])]