Big box:
[array([ 972, 2892]), array([1025, 1904]), array([1997, 1947]), array([1953, 2939])]

Small boxes:
[array([[ 972, 2892],
       [ 985, 2658],
       [1216, 2669],
       [1204, 2903]]), array([[ 985, 2658],
       [ 998, 2398],
       [1230, 2409],
       [1216, 2669]]), array([[ 998, 2398],
       [1012, 2138],
       [1243, 2148],
       [1230, 2409]]), array([[1012, 2138],
       [1025, 1904],
       [1255, 1914],
       [1243, 2148]]), array([[1204, 2903],
       [1216, 2669],
       [1474, 2681],
       [1462, 2916]]), array([[1216, 2669],
       [1230, 2409],
       [1487, 2420],
       [1474, 2681]]), array([[1230, 2409],
       [1243, 2148],
       [1500, 2160],
       [1487, 2420]]), array([[1243, 2148],
       [1255, 1914],
       [1511, 1926],
       [1500, 2160]]), array([[1462, 2916],
       [1474, 2681],
       [1732, 2693],
       [1721, 2928]]), array([[1474, 2681],
       [1487, 2420],
       [1744, 2432],
       [1732, 2693]]), array([[1487, 2420],
       [1500, 2160],
       [1756, 2172],
       [1744, 2432]]), array([[1500, 2160],
       [1511, 1926],
       [1767, 1937],
       [1756, 2172]]), array([[1721, 2928],
       [1732, 2693],
       [1963, 2704],
       [1953, 2939]]), array([[1732, 2693],
       [1744, 2432],
       [1975, 2443],
       [1963, 2704]]), array([[1744, 2432],
       [1756, 2172],
       [1987, 2182],
       [1975, 2443]]), array([[1756, 2172],
       [1767, 1937],
       [1997, 1947],
       [1987, 2182]])]