Big box:
[array([ 932, 2874]), array([ 968, 1664]), array([2165, 1691]), array([2147, 2898])]

Small boxes:
[array([[ 932, 2874],
       [ 941, 2587],
       [1227, 2593],
       [1220, 2880]]), array([[ 941, 2587],
       [ 950, 2269],
       [1236, 2275],
       [1227, 2593]]), array([[ 950, 2269],
       [ 959, 1951],
       [1244, 1957],
       [1236, 2275]]), array([[ 959, 1951],
       [ 968, 1664],
       [1252, 1670],
       [1244, 1957]]), array([[1220, 2880],
       [1227, 2593],
       [1546, 2600],
       [1540, 2886]]), array([[1227, 2593],
       [1236, 2275],
       [1553, 2282],
       [1546, 2600]]), array([[1236, 2275],
       [1244, 1957],
       [1560, 1964],
       [1553, 2282]]), array([[1244, 1957],
       [1252, 1670],
       [1566, 1678],
       [1560, 1964]]), array([[1540, 2886],
       [1546, 2600],
       [1865, 2606],
       [1859, 2892]]), array([[1546, 2600],
       [1553, 2282],
       [1870, 2288],
       [1865, 2606]]), array([[1553, 2282],
       [1560, 1964],
       [1876, 1971],
       [1870, 2288]]), array([[1560, 1964],
       [1566, 1678],
       [1882, 1685],
       [1876, 1971]]), array([[1859, 2892],
       [1865, 2606],
       [2151, 2612],
       [2147, 2898]]), array([[1865, 2606],
       [1870, 2288],
       [2156, 2294],
       [2151, 2612]]), array([[1870, 2288],
       [1876, 1971],
       [2161, 1977],
       [2156, 2294]]), array([[1876, 1971],
       [1882, 1685],
       [2165, 1691],
       [2161, 1977]])]