Big box:
[array([ 962, 1905]), array([1924, 1887]), array([1954, 2872]), array([ 962, 2884])]

Small boxes:
[array([[ 962, 1905],
       [1190, 1901],
       [1192, 2133],
       [ 962, 2137]]), array([[1190, 1901],
       [1443, 1896],
       [1447, 2129],
       [1192, 2133]]), array([[1443, 1896],
       [1696, 1891],
       [1702, 2124],
       [1447, 2129]]), array([[1696, 1891],
       [1924, 1887],
       [1931, 2120],
       [1702, 2124]]), array([[ 962, 2137],
       [1192, 2133],
       [1193, 2391],
       [ 962, 2394]]), array([[1192, 2133],
       [1447, 2129],
       [1450, 2387],
       [1193, 2391]]), array([[1447, 2129],
       [1702, 2124],
       [1708, 2383],
       [1450, 2387]]), array([[1702, 2124],
       [1931, 2120],
       [1939, 2380],
       [1708, 2383]]), array([[ 962, 2394],
       [1193, 2391],
       [1195, 2649],
       [ 962, 2652]]), array([[1193, 2391],
       [1450, 2387],
       [1454, 2645],
       [1195, 2649]]), array([[1450, 2387],
       [1708, 2383],
       [1714, 2642],
       [1454, 2645]]), array([[1708, 2383],
       [1939, 2380],
       [1947, 2639],
       [1714, 2642]]), array([[ 962, 2652],
       [1195, 2649],
       [1197, 2881],
       [ 962, 2884]]), array([[1195, 2649],
       [1454, 2645],
       [1458, 2878],
       [1197, 2881]]), array([[1454, 2645],
       [1714, 2642],
       [1719, 2875],
       [1458, 2878]]), array([[1714, 2642],
       [1947, 2639],
       [1954, 2872],
       [1719, 2875]])]