Big box:
[array([1120, 3036]), array([1136, 2037]), array([2108, 2035]), array([2134, 3046])]

Small boxes:
[array([[1120, 3036],
       [1124, 2799],
       [1362, 2801],
       [1360, 3038]]), array([[1124, 2799],
       [1128, 2536],
       [1363, 2537],
       [1362, 2801]]), array([[1128, 2536],
       [1132, 2274],
       [1365, 2274],
       [1363, 2537]]), array([[1132, 2274],
       [1136, 2037],
       [1366, 2037],
       [1365, 2274]]), array([[1360, 3038],
       [1362, 2801],
       [1626, 2803],
       [1627, 3041]]), array([[1362, 2801],
       [1363, 2537],
       [1624, 2538],
       [1626, 2803]]), array([[1363, 2537],
       [1365, 2274],
       [1623, 2274],
       [1624, 2538]]), array([[1365, 2274],
       [1366, 2037],
       [1622, 2036],
       [1623, 2274]]), array([[1627, 3041],
       [1626, 2803],
       [1890, 2805],
       [1894, 3044]]), array([[1626, 2803],
       [1624, 2538],
       [1886, 2540],
       [1890, 2805]]), array([[1624, 2538],
       [1623, 2274],
       [1882, 2274],
       [1886, 2540]]), array([[1623, 2274],
       [1622, 2036],
       [1878, 2035],
       [1882, 2274]]), array([[1894, 3044],
       [1890, 2805],
       [2128, 2807],
       [2134, 3046]]), array([[1890, 2805],
       [1886, 2540],
       [2121, 2540],
       [2128, 2807]]), array([[1886, 2540],
       [1882, 2274],
       [2114, 2274],
       [2121, 2540]]), array([[1882, 2274],
       [1878, 2035],
       [2108, 2035],
       [2114, 2274]])]