Big box:
[array([1149, 1655]), array([2283, 1629]), array([2318, 2764]), array([1175, 2791])]

Small boxes:
[array([[1149, 1655],
       [1418, 1649],
       [1424, 1918],
       [1155, 1924]]), array([[1418, 1649],
       [1716, 1642],
       [1723, 1911],
       [1424, 1918]]), array([[1716, 1642],
       [2014, 1635],
       [2022, 1904],
       [1723, 1911]]), array([[2014, 1635],
       [2283, 1629],
       [2291, 1898],
       [2022, 1904]]), array([[1155, 1924],
       [1424, 1918],
       [1432, 2217],
       [1162, 2223]]), array([[1424, 1918],
       [1723, 1911],
       [1731, 2210],
       [1432, 2217]]), array([[1723, 1911],
       [2022, 1904],
       [2031, 2203],
       [1731, 2210]]), array([[2022, 1904],
       [2291, 1898],
       [2300, 2196],
       [2031, 2203]]), array([[1162, 2223],
       [1432, 2217],
       [1439, 2516],
       [1169, 2522]]), array([[1432, 2217],
       [1731, 2210],
       [1739, 2509],
       [1439, 2516]]), array([[1731, 2210],
       [2031, 2203],
       [2040, 2502],
       [1739, 2509]]), array([[2031, 2203],
       [2300, 2196],
       [2310, 2495],
       [2040, 2502]]), array([[1169, 2522],
       [1439, 2516],
       [1446, 2785],
       [1175, 2791]]), array([[1439, 2516],
       [1739, 2509],
       [1746, 2778],
       [1446, 2785]]), array([[1739, 2509],
       [2040, 2502],
       [2047, 2770],
       [1746, 2778]]), array([[2040, 2502],
       [2310, 2495],
       [2318, 2764],
       [2047, 2770]])]