Big box:
[array([1025, 3103]), array([1051, 2151]), array([1979, 2162]), array([1970, 3129])]

Small boxes:
[array([[1025, 3103],
       [1031, 2878],
       [1254, 2883],
       [1249, 3109]]), array([[1031, 2878],
       [1038, 2627],
       [1260, 2631],
       [1254, 2883]]), array([[1038, 2627],
       [1045, 2376],
       [1266, 2380],
       [1260, 2631]]), array([[1045, 2376],
       [1051, 2151],
       [1271, 2154],
       [1266, 2380]]), array([[1249, 3109],
       [1254, 2883],
       [1502, 2889],
       [1498, 3116]]), array([[1254, 2883],
       [1260, 2631],
       [1506, 2636],
       [1502, 2889]]), array([[1260, 2631],
       [1266, 2380],
       [1511, 2384],
       [1506, 2636]]), array([[1266, 2380],
       [1271, 2154],
       [1515, 2156],
       [1511, 2384]]), array([[1498, 3116],
       [1502, 2889],
       [1749, 2895],
       [1746, 3123]]), array([[1502, 2889],
       [1506, 2636],
       [1753, 2641],
       [1749, 2895]]), array([[1506, 2636],
       [1511, 2384],
       [1756, 2388],
       [1753, 2641]]), array([[1511, 2384],
       [1515, 2156],
       [1759, 2159],
       [1756, 2388]]), array([[1746, 3123],
       [1749, 2895],
       [1972, 2900],
       [1970, 3129]]), array([[1749, 2895],
       [1753, 2641],
       [1974, 2646],
       [1972, 2900]]), array([[1753, 2641],
       [1756, 2388],
       [1977, 2391],
       [1974, 2646]]), array([[1756, 2388],
       [1759, 2159],
       [1979, 2162],
       [1977, 2391]])]