Big box:
[array([1049, 1502]), array([2176, 1485]), array([2193, 2616]), array([1060, 2627])]

Small boxes:
[array([[1049, 1502],
       [1316, 1498],
       [1319, 1765],
       [1052, 1768]]), array([[1316, 1498],
       [1612, 1494],
       [1616, 1761],
       [1319, 1765]]), array([[1612, 1494],
       [1909, 1489],
       [1913, 1757],
       [1616, 1761]]), array([[1909, 1489],
       [2176, 1485],
       [2180, 1753],
       [1913, 1757]]), array([[1052, 1768],
       [1319, 1765],
       [1322, 2061],
       [1054, 2064]]), array([[1319, 1765],
       [1616, 1761],
       [1620, 2058],
       [1322, 2061]]), array([[1616, 1761],
       [1913, 1757],
       [1917, 2054],
       [1620, 2058]]), array([[1913, 1757],
       [2180, 1753],
       [2184, 2050],
       [1917, 2054]]), array([[1054, 2064],
       [1322, 2061],
       [1325, 2358],
       [1057, 2361]]), array([[1322, 2061],
       [1620, 2058],
       [1623, 2354],
       [1325, 2358]]), array([[1620, 2058],
       [1917, 2054],
       [1921, 2351],
       [1623, 2354]]), array([[1917, 2054],
       [2184, 2050],
       [2189, 2348],
       [1921, 2351]]), array([[1057, 2361],
       [1325, 2358],
       [1328, 2624],
       [1060, 2627]]), array([[1325, 2358],
       [1623, 2354],
       [1626, 2622],
       [1328, 2624]]), array([[1623, 2354],
       [1921, 2351],
       [1925, 2619],
       [1626, 2622]]), array([[1921, 2351],
       [2189, 2348],
       [2193, 2616],
       [1925, 2619]])]