Big box:
[array([1058, 2927]), array([1119, 1944]), array([2084, 1985]), array([2054, 2982])]

Small boxes:
[array([[1058, 2927],
       [1072, 2694],
       [1307, 2706],
       [1294, 2940]]), array([[1072, 2694],
       [1088, 2436],
       [1321, 2447],
       [1307, 2706]]), array([[1088, 2436],
       [1105, 2177],
       [1335, 2187],
       [1321, 2447]]), array([[1105, 2177],
       [1119, 1944],
       [1348, 1954],
       [1335, 2187]]), array([[1294, 2940],
       [1307, 2706],
       [1567, 2720],
       [1556, 2954]]), array([[1307, 2706],
       [1321, 2447],
       [1579, 2460],
       [1567, 2720]]), array([[1321, 2447],
       [1335, 2187],
       [1591, 2199],
       [1579, 2460]]), array([[1335, 2187],
       [1348, 1954],
       [1602, 1964],
       [1591, 2199]]), array([[1556, 2954],
       [1567, 2720],
       [1827, 2734],
       [1818, 2969]]), array([[1567, 2720],
       [1579, 2460],
       [1837, 2472],
       [1827, 2734]]), array([[1579, 2460],
       [1591, 2199],
       [1847, 2211],
       [1837, 2472]]), array([[1591, 2199],
       [1602, 1964],
       [1855, 1975],
       [1847, 2211]]), array([[1818, 2969],
       [1827, 2734],
       [2061, 2746],
       [2054, 2982]]), array([[1827, 2734],
       [1837, 2472],
       [2069, 2484],
       [2061, 2746]]), array([[1837, 2472],
       [1847, 2211],
       [2077, 2221],
       [2069, 2484]]), array([[1847, 2211],
       [1855, 1975],
       [2084, 1985],
       [2077, 2221]])]