Big box:
[array([1322, 1160]), array([2483, 1133]), array([2483, 2298]), array([1334, 2316])]

Small boxes:
[array([[1322, 1160],
       [1597, 1154],
       [1599, 1428],
       [1325, 1434]]), array([[1597, 1154],
       [1902, 1146],
       [1904, 1421],
       [1599, 1428]]), array([[1902, 1146],
       [2208, 1139],
       [2209, 1415],
       [1904, 1421]]), array([[2208, 1139],
       [2483, 1133],
       [2483, 1409],
       [2209, 1415]]), array([[1325, 1434],
       [1599, 1428],
       [1602, 1733],
       [1328, 1738]]), array([[1599, 1428],
       [1904, 1421],
       [1906, 1727],
       [1602, 1733]]), array([[1904, 1421],
       [2209, 1415],
       [2209, 1721],
       [1906, 1727]]), array([[2209, 1415],
       [2483, 1409],
       [2483, 1716],
       [2209, 1721]]), array([[1328, 1738],
       [1602, 1733],
       [1604, 2037],
       [1331, 2042]]), array([[1602, 1733],
       [1906, 1727],
       [1907, 2032],
       [1604, 2037]]), array([[1906, 1727],
       [2209, 1721],
       [2210, 2027],
       [1907, 2032]]), array([[2209, 1721],
       [2483, 1716],
       [2483, 2022],
       [2210, 2027]]), array([[1331, 2042],
       [1604, 2037],
       [1606, 2312],
       [1334, 2316]]), array([[1604, 2037],
       [1907, 2032],
       [1908, 2307],
       [1606, 2312]]), array([[1907, 2032],
       [2210, 2027],
       [2211, 2302],
       [1908, 2307]]), array([[2210, 2027],
       [2483, 2022],
       [2483, 2298],
       [2211, 2302]])]