Big box:
[array([1013, 2868]), array([1058, 1843]), array([2066, 1872]), array([2049, 2903])]

Small boxes:
[array([[1013, 2868],
       [1024, 2625],
       [1267, 2633],
       [1258, 2876]]), array([[1024, 2625],
       [1036, 2356],
       [1278, 2363],
       [1267, 2633]]), array([[1036, 2356],
       [1047, 2086],
       [1288, 2093],
       [1278, 2363]]), array([[1047, 2086],
       [1058, 1843],
       [1297, 1850],
       [1288, 2093]]), array([[1258, 2876],
       [1267, 2633],
       [1538, 2642],
       [1531, 2886]]), array([[1267, 2633],
       [1278, 2363],
       [1546, 2372],
       [1538, 2642]]), array([[1278, 2363],
       [1288, 2093],
       [1555, 2101],
       [1546, 2372]]), array([[1288, 2093],
       [1297, 1850],
       [1562, 1858],
       [1555, 2101]]), array([[1531, 2886],
       [1538, 2642],
       [1809, 2651],
       [1804, 2895]]), array([[1538, 2642],
       [1546, 2372],
       [1815, 2380],
       [1809, 2651]]), array([[1546, 2372],
       [1555, 2101],
       [1822, 2109],
       [1815, 2380]]), array([[1555, 2101],
       [1562, 1858],
       [1827, 1865],
       [1822, 2109]]), array([[1804, 2895],
       [1809, 2651],
       [2053, 2659],
       [2049, 2903]]), array([[1809, 2651],
       [1815, 2380],
       [2058, 2388],
       [2053, 2659]]), array([[1815, 2380],
       [1822, 2109],
       [2062, 2116],
       [2058, 2388]]), array([[1822, 2109],
       [1827, 1865],
       [2066, 1872],
       [2062, 2116]])]