Big box:
[array([1004, 1270]), array([2140, 1234]), array([2161, 2366]), array([1040, 2393])]

Small boxes:
[array([[1004, 1270],
       [1273, 1261],
       [1281, 1528],
       [1013, 1536]]), array([[1273, 1261],
       [1572, 1252],
       [1579, 1519],
       [1281, 1528]]), array([[1572, 1252],
       [1871, 1243],
       [1877, 1510],
       [1579, 1519]]), array([[1871, 1243],
       [2140, 1234],
       [2145, 1502],
       [1877, 1510]]), array([[1013, 1536],
       [1281, 1528],
       [1289, 1824],
       [1022, 1832]]), array([[1281, 1528],
       [1579, 1519],
       [1586, 1816],
       [1289, 1824]]), array([[1579, 1519],
       [1877, 1510],
       [1883, 1807],
       [1586, 1816]]), array([[1877, 1510],
       [2145, 1502],
       [2150, 1800],
       [1883, 1807]]), array([[1022, 1832],
       [1289, 1824],
       [1298, 2120],
       [1031, 2127]]), array([[1289, 1824],
       [1586, 1816],
       [1594, 2112],
       [1298, 2120]]), array([[1586, 1816],
       [1883, 1807],
       [1890, 2105],
       [1594, 2112]]), array([[1883, 1807],
       [2150, 1800],
       [2156, 2098],
       [1890, 2105]]), array([[1031, 2127],
       [1298, 2120],
       [1306, 2387],
       [1040, 2393]]), array([[1298, 2120],
       [1594, 2112],
       [1600, 2380],
       [1306, 2387]]), array([[1594, 2112],
       [1890, 2105],
       [1896, 2372],
       [1600, 2380]]), array([[1890, 2105],
       [2156, 2098],
       [2161, 2366],
       [1896, 2372]])]