Big box:
[array([1012, 1991]), array([1968, 1991]), array([1974, 2965]), array([1006, 2962])]

Small boxes:
[array([[1012, 1991],
       [1238, 1991],
       [1238, 2221],
       [1011, 2221]]), array([[1238, 1991],
       [1490, 1991],
       [1490, 2221],
       [1238, 2221]]), array([[1490, 1991],
       [1742, 1991],
       [1742, 2222],
       [1490, 2221]]), array([[1742, 1991],
       [1968, 1991],
       [1969, 2222],
       [1742, 2222]]), array([[1011, 2221],
       [1238, 2221],
       [1237, 2477],
       [1009, 2476]]), array([[1238, 2221],
       [1490, 2221],
       [1490, 2477],
       [1237, 2477]]), array([[1490, 2221],
       [1742, 2222],
       [1743, 2478],
       [1490, 2477]]), array([[1742, 2222],
       [1969, 2222],
       [1971, 2478],
       [1743, 2478]]), array([[1009, 2476],
       [1237, 2477],
       [1236, 2733],
       [1007, 2732]]), array([[1237, 2477],
       [1490, 2477],
       [1490, 2733],
       [1236, 2733]]), array([[1490, 2477],
       [1743, 2478],
       [1744, 2734],
       [1490, 2733]]), array([[1743, 2478],
       [1971, 2478],
       [1973, 2734],
       [1744, 2734]]), array([[1007, 2732],
       [1236, 2733],
       [1235, 2963],
       [1006, 2962]]), array([[1236, 2733],
       [1490, 2733],
       [1490, 2964],
       [1235, 2963]]), array([[1490, 2733],
       [1744, 2734],
       [1745, 2964],
       [1490, 2964]]), array([[1744, 2734],
       [1973, 2734],
       [1974, 2965],
       [1745, 2964]])]