Big box:
[array([ 758, 2725]), array([ 789, 1498]), array([2012, 1535]), array([1981, 2753])]

Small boxes:
[array([[ 758, 2725],
       [ 765, 2434],
       [1055, 2442],
       [1048, 2732]]), array([[ 765, 2434],
       [ 774, 2112],
       [1063, 2119],
       [1055, 2442]]), array([[ 774, 2112],
       [ 782, 1789],
       [1071, 1797],
       [1063, 2119]]), array([[ 782, 1789],
       [ 789, 1498],
       [1079, 1507],
       [1071, 1797]]), array([[1048, 2732],
       [1055, 2442],
       [1377, 2449],
       [1370, 2739]]), array([[1055, 2442],
       [1063, 2119],
       [1385, 2128],
       [1377, 2449]]), array([[1063, 2119],
       [1071, 1797],
       [1393, 1806],
       [1385, 2128]]), array([[1071, 1797],
       [1079, 1507],
       [1400, 1516],
       [1393, 1806]]), array([[1370, 2739],
       [1377, 2449],
       [1699, 2457],
       [1691, 2746]]), array([[1377, 2449],
       [1385, 2128],
       [1707, 2136],
       [1699, 2457]]), array([[1385, 2128],
       [1393, 1806],
       [1715, 1815],
       [1707, 2136]]), array([[1393, 1806],
       [1400, 1516],
       [1722, 1526],
       [1715, 1815]]), array([[1691, 2746],
       [1699, 2457],
       [1988, 2465],
       [1981, 2753]]), array([[1699, 2457],
       [1707, 2136],
       [1996, 2144],
       [1988, 2465]]), array([[1707, 2136],
       [1715, 1815],
       [2005, 1823],
       [1996, 2144]]), array([[1715, 1815],
       [1722, 1526],
       [2012, 1535],
       [2005, 1823]])]