Big box:
[array([1031, 3016]), array([1059, 2050]), array([2003, 2066]), array([1995, 3041])]

Small boxes:
[array([[1031, 3016],
       [1038, 2787],
       [1265, 2793],
       [1259, 3022]]), array([[1038, 2787],
       [1045, 2533],
       [1271, 2538],
       [1265, 2793]]), array([[1045, 2533],
       [1052, 2279],
       [1277, 2283],
       [1271, 2538]]), array([[1052, 2279],
       [1059, 2050],
       [1283, 2054],
       [1277, 2283]]), array([[1259, 3022],
       [1265, 2793],
       [1517, 2799],
       [1513, 3028]]), array([[1265, 2793],
       [1271, 2538],
       [1522, 2543],
       [1517, 2799]]), array([[1271, 2538],
       [1277, 2283],
       [1527, 2288],
       [1522, 2543]]), array([[1277, 2283],
       [1283, 2054],
       [1531, 2058],
       [1527, 2288]]), array([[1513, 3028],
       [1517, 2799],
       [1770, 2805],
       [1767, 3035]]), array([[1517, 2799],
       [1522, 2543],
       [1773, 2549],
       [1770, 2805]]), array([[1522, 2543],
       [1527, 2288],
       [1776, 2293],
       [1773, 2549]]), array([[1527, 2288],
       [1531, 2058],
       [1779, 2062],
       [1776, 2293]]), array([[1767, 3035],
       [1770, 2805],
       [1997, 2810],
       [1995, 3041]]), array([[1770, 2805],
       [1773, 2549],
       [1999, 2554],
       [1997, 2810]]), array([[1773, 2549],
       [1776, 2293],
       [2001, 2297],
       [1999, 2554]]), array([[1776, 2293],
       [1779, 2062],
       [2003, 2066],
       [2001, 2297]])]