Big box:
[array([ 891, 2948]), array([ 940, 1916]), array([1959, 1941]), array([1937, 2985])]

Small boxes:
[array([[ 891, 2948],
       [ 903, 2704],
       [1149, 2712],
       [1139, 2957]]), array([[ 903, 2704],
       [ 916, 2432],
       [1160, 2439],
       [1149, 2712]]), array([[ 916, 2432],
       [ 928, 2160],
       [1171, 2167],
       [1160, 2439]]), array([[ 928, 2160],
       [ 940, 1916],
       [1181, 1922],
       [1171, 2167]]), array([[1139, 2957],
       [1149, 2712],
       [1422, 2721],
       [1414, 2966]]), array([[1149, 2712],
       [1160, 2439],
       [1432, 2448],
       [1422, 2721]]), array([[1160, 2439],
       [1171, 2167],
       [1441, 2174],
       [1432, 2448]]), array([[1171, 2167],
       [1181, 1922],
       [1450, 1928],
       [1441, 2174]]), array([[1414, 2966],
       [1422, 2721],
       [1696, 2730],
       [1689, 2976]]), array([[1422, 2721],
       [1432, 2448],
       [1703, 2456],
       [1696, 2730]]), array([[1432, 2448],
       [1441, 2174],
       [1711, 2182],
       [1703, 2456]]), array([[1441, 2174],
       [1450, 1928],
       [1718, 1935],
       [1711, 2182]]), array([[1689, 2976],
       [1696, 2730],
       [1942, 2738],
       [1937, 2985]]), array([[1696, 2730],
       [1703, 2456],
       [1948, 2463],
       [1942, 2738]]), array([[1703, 2456],
       [1711, 2182],
       [1954, 2188],
       [1948, 2463]]), array([[1711, 2182],
       [1718, 1935],
       [1959, 1941],
       [1954, 2188]])]