Big box:
[array([1011, 2737]), array([1047, 1781]), array([1994, 1808]), array([1967, 2770])]

Small boxes:
[array([[1011, 2737],
       [1020, 2511],
       [1245, 2518],
       [1237, 2745]]), array([[1020, 2511],
       [1029, 2259],
       [1254, 2266],
       [1245, 2518]]), array([[1029, 2259],
       [1038, 2007],
       [1263, 2014],
       [1254, 2266]]), array([[1038, 2007],
       [1047, 1781],
       [1271, 1787],
       [1263, 2014]]), array([[1237, 2745],
       [1245, 2518],
       [1496, 2526],
       [1489, 2754]]), array([[1245, 2518],
       [1254, 2266],
       [1505, 2274],
       [1496, 2526]]), array([[1254, 2266],
       [1263, 2014],
       [1513, 2022],
       [1505, 2274]]), array([[1263, 2014],
       [1271, 1787],
       [1520, 1794],
       [1513, 2022]]), array([[1489, 2754],
       [1496, 2526],
       [1747, 2535],
       [1741, 2762]]), array([[1496, 2526],
       [1505, 2274],
       [1755, 2282],
       [1747, 2535]]), array([[1505, 2274],
       [1513, 2022],
       [1763, 2029],
       [1755, 2282]]), array([[1513, 2022],
       [1520, 1794],
       [1770, 1802],
       [1763, 2029]]), array([[1741, 2762],
       [1747, 2535],
       [1973, 2542],
       [1967, 2770]]), array([[1747, 2535],
       [1755, 2282],
       [1980, 2289],
       [1973, 2542]]), array([[1755, 2282],
       [1763, 2029],
       [1988, 2036],
       [1980, 2289]]), array([[1763, 2029],
       [1770, 1802],
       [1994, 1808],
       [1988, 2036]])]