Big box:
[array([1049, 1967]), array([2005, 1970]), array([2014, 2944]), array([1037, 2941])]

Small boxes:
[array([[1049, 1967],
       [1275, 1968],
       [1274, 2198],
       [1046, 2198]]), array([[1275, 1968],
       [1527, 1968],
       [1527, 2199],
       [1274, 2198]]), array([[1527, 1968],
       [1779, 1969],
       [1780, 2200],
       [1527, 2199]]), array([[1779, 1969],
       [2005, 1970],
       [2007, 2201],
       [1780, 2200]]), array([[1046, 2198],
       [1274, 2198],
       [1272, 2455],
       [1043, 2454]]), array([[1274, 2198],
       [1527, 2199],
       [1526, 2456],
       [1272, 2455]]), array([[1527, 2199],
       [1780, 2200],
       [1781, 2456],
       [1526, 2456]]), array([[1780, 2200],
       [2007, 2201],
       [2010, 2457],
       [1781, 2456]]), array([[1043, 2454],
       [1272, 2455],
       [1270, 2711],
       [1040, 2710]]), array([[1272, 2455],
       [1526, 2456],
       [1526, 2712],
       [1270, 2711]]), array([[1526, 2456],
       [1781, 2456],
       [1782, 2713],
       [1526, 2712]]), array([[1781, 2456],
       [2010, 2457],
       [2012, 2713],
       [1782, 2713]]), array([[1040, 2710],
       [1270, 2711],
       [1268, 2942],
       [1037, 2941]]), array([[1270, 2711],
       [1526, 2712],
       [1526, 2942],
       [1268, 2942]]), array([[1526, 2712],
       [1782, 2713],
       [1783, 2943],
       [1526, 2942]]), array([[1782, 2713],
       [2012, 2713],
       [2014, 2944],
       [1783, 2943]])]