Big box:
[array([ 954, 2965]), array([1010, 1969]), array([1985, 2018]), array([1947, 3011])]

Small boxes:
[array([[ 954, 2965],
       [ 967, 2729],
       [1201, 2740],
       [1189, 2976]]), array([[ 967, 2729],
       [ 982, 2467],
       [1215, 2478],
       [1201, 2740]]), array([[ 982, 2467],
       [ 997, 2205],
       [1229, 2216],
       [1215, 2478]]), array([[ 997, 2205],
       [1010, 1969],
       [1241, 1981],
       [1229, 2216]]), array([[1189, 2976],
       [1201, 2740],
       [1462, 2752],
       [1450, 2988]]), array([[1201, 2740],
       [1215, 2478],
       [1474, 2491],
       [1462, 2752]]), array([[1215, 2478],
       [1229, 2216],
       [1486, 2229],
       [1474, 2491]]), array([[1229, 2216],
       [1241, 1981],
       [1498, 1994],
       [1486, 2229]]), array([[1450, 2988],
       [1462, 2752],
       [1722, 2765],
       [1712, 3000]]), array([[1462, 2752],
       [1474, 2491],
       [1733, 2503],
       [1722, 2765]]), array([[1474, 2491],
       [1486, 2229],
       [1744, 2242],
       [1733, 2503]]), array([[1486, 2229],
       [1498, 1994],
       [1754, 2006],
       [1744, 2242]]), array([[1712, 3000],
       [1722, 2765],
       [1956, 2776],
       [1947, 3011]]), array([[1722, 2765],
       [1733, 2503],
       [1966, 2514],
       [1956, 2776]]), array([[1733, 2503],
       [1744, 2242],
       [1976, 2253],
       [1966, 2514]]), array([[1744, 2242],
       [1754, 2006],
       [1985, 2018],
       [1976, 2253]])]