Big box:
[array([1020, 1945]), array([1973, 1945]), array([1982, 2917]), array([1011, 2917])]

Small boxes:
[array([[1020, 1945],
       [1246, 1945],
       [1245, 2175],
       [1018, 2175]]), array([[1246, 1945],
       [1496, 1945],
       [1496, 2175],
       [1245, 2175]]), array([[1496, 1945],
       [1747, 1945],
       [1748, 2175],
       [1496, 2175]]), array([[1747, 1945],
       [1973, 1945],
       [1975, 2175],
       [1748, 2175]]), array([[1018, 2175],
       [1245, 2175],
       [1243, 2431],
       [1016, 2431]]), array([[1245, 2175],
       [1496, 2175],
       [1496, 2431],
       [1243, 2431]]), array([[1496, 2175],
       [1748, 2175],
       [1750, 2431],
       [1496, 2431]]), array([[1748, 2175],
       [1975, 2175],
       [1978, 2431],
       [1750, 2431]]), array([[1016, 2431],
       [1243, 2431],
       [1242, 2687],
       [1013, 2687]]), array([[1243, 2431],
       [1496, 2431],
       [1496, 2687],
       [1242, 2687]]), array([[1496, 2431],
       [1750, 2431],
       [1751, 2687],
       [1496, 2687]]), array([[1750, 2431],
       [1978, 2431],
       [1980, 2687],
       [1751, 2687]]), array([[1013, 2687],
       [1242, 2687],
       [1241, 2917],
       [1011, 2917]]), array([[1242, 2687],
       [1496, 2687],
       [1496, 2917],
       [1241, 2917]]), array([[1496, 2687],
       [1751, 2687],
       [1752, 2917],
       [1496, 2917]]), array([[1751, 2687],
       [1980, 2687],
       [1982, 2917],
       [1752, 2917]])]