Big box:
[array([1088, 3079]), array([1130, 2111]), array([2077, 2132]), array([2068, 3127])]

Small boxes:
[array([[1088, 3079],
       [1098, 2850],
       [1328, 2860],
       [1320, 3090]]), array([[1098, 2850],
       [1109, 2595],
       [1337, 2603],
       [1328, 2860]]), array([[1109, 2595],
       [1120, 2340],
       [1346, 2347],
       [1337, 2603]]), array([[1120, 2340],
       [1130, 2111],
       [1354, 2116],
       [1346, 2347]]), array([[1320, 3090],
       [1328, 2860],
       [1584, 2871],
       [1578, 3103]]), array([[1328, 2860],
       [1337, 2603],
       [1591, 2612],
       [1584, 2871]]), array([[1337, 2603],
       [1346, 2347],
       [1597, 2354],
       [1591, 2612]]), array([[1346, 2347],
       [1354, 2116],
       [1604, 2122],
       [1597, 2354]]), array([[1578, 3103],
       [1584, 2871],
       [1840, 2881],
       [1836, 3116]]), array([[1584, 2871],
       [1591, 2612],
       [1844, 2621],
       [1840, 2881]]), array([[1591, 2612],
       [1597, 2354],
       [1849, 2361],
       [1844, 2621]]), array([[1597, 2354],
       [1604, 2122],
       [1853, 2127],
       [1849, 2361]]), array([[1836, 3116],
       [1840, 2881],
       [2070, 2891],
       [2068, 3127]]), array([[1840, 2881],
       [1844, 2621],
       [2072, 2630],
       [2070, 2891]]), array([[1844, 2621],
       [1849, 2361],
       [2075, 2368],
       [2072, 2630]]), array([[1849, 2361],
       [1853, 2127],
       [2077, 2132],
       [2075, 2368]])]