Big box:
[array([1179, 2800]), array([1210, 1816]), array([2190, 1844]), array([2162, 2834])]

Small boxes:
[array([[1179, 2800],
       [1186, 2567],
       [1419, 2575],
       [1412, 2808]]), array([[1186, 2567],
       [1194, 2308],
       [1427, 2315],
       [1419, 2575]]), array([[1194, 2308],
       [1203, 2049],
       [1435, 2056],
       [1427, 2315]]), array([[1203, 2049],
       [1210, 1816],
       [1442, 1823],
       [1435, 2056]]), array([[1412, 2808],
       [1419, 2575],
       [1677, 2583],
       [1670, 2817]]), array([[1419, 2575],
       [1427, 2315],
       [1685, 2324],
       [1677, 2583]]), array([[1427, 2315],
       [1435, 2056],
       [1693, 2064],
       [1685, 2324]]), array([[1435, 2056],
       [1442, 1823],
       [1700, 1830],
       [1693, 2064]]), array([[1670, 2817],
       [1677, 2583],
       [1936, 2592],
       [1929, 2826]]), array([[1677, 2583],
       [1685, 2324],
       [1944, 2332],
       [1936, 2592]]), array([[1685, 2324],
       [1693, 2064],
       [1951, 2072],
       [1944, 2332]]), array([[1693, 2064],
       [1700, 1830],
       [1958, 1837],
       [1951, 2072]]), array([[1929, 2826],
       [1936, 2592],
       [2169, 2600],
       [2162, 2834]]), array([[1936, 2592],
       [1944, 2332],
       [2176, 2339],
       [2169, 2600]]), array([[1944, 2332],
       [1951, 2072],
       [2183, 2078],
       [2176, 2339]]), array([[1951, 2072],
       [1958, 1837],
       [2190, 1844],
       [2183, 2078]])]