Big box:
[array([ 889, 2939]), array([ 952, 1947]), array([1922, 1991]), array([1887, 2989])]

Small boxes:
[array([[ 889, 2939],
       [ 904, 2704],
       [1139, 2716],
       [1125, 2951]]), array([[ 904, 2704],
       [ 920, 2443],
       [1154, 2454],
       [1139, 2716]]), array([[ 920, 2443],
       [ 937, 2182],
       [1168, 2193],
       [1154, 2454]]), array([[ 937, 2182],
       [ 952, 1947],
       [1182, 1957],
       [1168, 2193]]), array([[1125, 2951],
       [1139, 2716],
       [1400, 2728],
       [1388, 2964]]), array([[1139, 2716],
       [1154, 2454],
       [1412, 2466],
       [1400, 2728]]), array([[1154, 2454],
       [1168, 2193],
       [1425, 2205],
       [1412, 2466]]), array([[1168, 2193],
       [1182, 1957],
       [1437, 1969],
       [1425, 2205]]), array([[1388, 2964],
       [1400, 2728],
       [1660, 2741],
       [1651, 2977]]), array([[1400, 2728],
       [1412, 2466],
       [1671, 2479],
       [1660, 2741]]), array([[1412, 2466],
       [1425, 2205],
       [1682, 2217],
       [1671, 2479]]), array([[1425, 2205],
       [1437, 1969],
       [1692, 1981],
       [1682, 2217]]), array([[1651, 2977],
       [1660, 2741],
       [1895, 2753],
       [1887, 2989]]), array([[1660, 2741],
       [1671, 2479],
       [1904, 2490],
       [1895, 2753]]), array([[1671, 2479],
       [1682, 2217],
       [1914, 2227],
       [1904, 2490]]), array([[1682, 2217],
       [1692, 1981],
       [1922, 1991],
       [1914, 2227]])]