Big box:
[array([1014, 2974]), array([1050, 1984]), array([2008, 2002]), array([2008, 2991])]

Small boxes:
[array([[1014, 2974],
       [1023, 2740],
       [1256, 2744],
       [1249, 2978]]), array([[1023, 2740],
       [1032, 2479],
       [1263, 2483],
       [1256, 2744]]), array([[1032, 2479],
       [1041, 2218],
       [1270, 2223],
       [1263, 2483]]), array([[1041, 2218],
       [1050, 1984],
       [1277, 1988],
       [1270, 2223]]), array([[1249, 2978],
       [1256, 2744],
       [1515, 2748],
       [1511, 2982]]), array([[1256, 2744],
       [1263, 2483],
       [1520, 2488],
       [1515, 2748]]), array([[1263, 2483],
       [1270, 2223],
       [1525, 2227],
       [1520, 2488]]), array([[1270, 2223],
       [1277, 1988],
       [1529, 1993],
       [1525, 2227]]), array([[1511, 2982],
       [1515, 2748],
       [1775, 2753],
       [1773, 2987]]), array([[1515, 2748],
       [1520, 2488],
       [1777, 2492],
       [1775, 2753]]), array([[1520, 2488],
       [1525, 2227],
       [1779, 2232],
       [1777, 2492]]), array([[1525, 2227],
       [1529, 1993],
       [1781, 1998],
       [1779, 2232]]), array([[1773, 2987],
       [1775, 2753],
       [2008, 2757],
       [2008, 2991]]), array([[1775, 2753],
       [1777, 2492],
       [2008, 2496],
       [2008, 2757]]), array([[1777, 2492],
       [1779, 2232],
       [2008, 2236],
       [2008, 2496]]), array([[1779, 2232],
       [1781, 1998],
       [2008, 2002],
       [2008, 2236]])]