Big box:
[array([1160, 2741]), array([1206, 1768]), array([2166, 1796]), array([2154, 2772])]

Small boxes:
[array([[1160, 2741],
       [1171, 2511],
       [1404, 2518],
       [1395, 2748]]), array([[1171, 2511],
       [1183, 2254],
       [1414, 2261],
       [1404, 2518]]), array([[1183, 2254],
       [1195, 1998],
       [1424, 2005],
       [1414, 2261]]), array([[1195, 1998],
       [1206, 1768],
       [1433, 1775],
       [1424, 2005]]), array([[1395, 2748],
       [1404, 2518],
       [1664, 2526],
       [1657, 2756]]), array([[1404, 2518],
       [1414, 2261],
       [1672, 2269],
       [1664, 2526]]), array([[1414, 2261],
       [1424, 2005],
       [1679, 2013],
       [1672, 2269]]), array([[1424, 2005],
       [1433, 1775],
       [1686, 1782],
       [1679, 2013]]), array([[1657, 2756],
       [1664, 2526],
       [1923, 2534],
       [1919, 2765]]), array([[1664, 2526],
       [1672, 2269],
       [1929, 2277],
       [1923, 2534]]), array([[1672, 2269],
       [1679, 2013],
       [1934, 2020],
       [1929, 2277]]), array([[1679, 2013],
       [1686, 1782],
       [1939, 1789],
       [1934, 2020]]), array([[1919, 2765],
       [1923, 2534],
       [2157, 2541],
       [2154, 2772]]), array([[1923, 2534],
       [1929, 2277],
       [2160, 2284],
       [2157, 2541]]), array([[1929, 2277],
       [1934, 2020],
       [2163, 2027],
       [2160, 2284]]), array([[1934, 2020],
       [1939, 1789],
       [2166, 1796],
       [2163, 2027]])]