Big box:
[array([1215, 1757]), array([2362, 1750]), array([2392, 2902]), array([1225, 2914])]

Small boxes:
[array([[1215, 1757],
       [1487, 1755],
       [1490, 2029],
       [1217, 2031]]), array([[1487, 1755],
       [1788, 1754],
       [1793, 2027],
       [1490, 2029]]), array([[1788, 1754],
       [2090, 1752],
       [2096, 2025],
       [1793, 2027]]), array([[2090, 1752],
       [2362, 1750],
       [2369, 2023],
       [2096, 2025]]), array([[1217, 2031],
       [1490, 2029],
       [1494, 2333],
       [1220, 2336]]), array([[1490, 2029],
       [1793, 2027],
       [1798, 2331],
       [1494, 2333]]), array([[1793, 2027],
       [2096, 2025],
       [2103, 2328],
       [1798, 2331]]), array([[2096, 2025],
       [2369, 2023],
       [2377, 2326],
       [2103, 2328]]), array([[1220, 2336],
       [1494, 2333],
       [1498, 2637],
       [1223, 2640]]), array([[1494, 2333],
       [1798, 2331],
       [1804, 2635],
       [1498, 2637]]), array([[1798, 2331],
       [2103, 2328],
       [2110, 2632],
       [1804, 2635]]), array([[2103, 2328],
       [2377, 2326],
       [2385, 2629],
       [2110, 2632]]), array([[1223, 2640],
       [1498, 2637],
       [1501, 2911],
       [1225, 2914]]), array([[1498, 2637],
       [1804, 2635],
       [1808, 2908],
       [1501, 2911]]), array([[1804, 2635],
       [2110, 2632],
       [2116, 2905],
       [1808, 2908]]), array([[2110, 2632],
       [2385, 2629],
       [2392, 2902],
       [2116, 2905]])]