Big box:
[array([1061, 2821]), array([1091, 1873]), array([2035, 1900]), array([2008, 2854])]

Small boxes:
[array([[1061, 2821],
       [1068, 2596],
       [1292, 2604],
       [1285, 2829]]), array([[1068, 2596],
       [1076, 2347],
       [1300, 2354],
       [1292, 2604]]), array([[1076, 2347],
       [1084, 2098],
       [1308, 2104],
       [1300, 2354]]), array([[1084, 2098],
       [1091, 1873],
       [1315, 1879],
       [1308, 2104]]), array([[1285, 2829],
       [1292, 2604],
       [1541, 2612],
       [1534, 2838]]), array([[1292, 2604],
       [1300, 2354],
       [1549, 2362],
       [1541, 2612]]), array([[1300, 2354],
       [1308, 2104],
       [1556, 2112],
       [1549, 2362]]), array([[1308, 2104],
       [1315, 1879],
       [1563, 1886],
       [1556, 2112]]), array([[1534, 2838],
       [1541, 2612],
       [1790, 2621],
       [1784, 2846]]), array([[1541, 2612],
       [1549, 2362],
       [1798, 2370],
       [1790, 2621]]), array([[1549, 2362],
       [1556, 2112],
       [1805, 2119],
       [1798, 2370]]), array([[1556, 2112],
       [1563, 1886],
       [1811, 1894],
       [1805, 2119]]), array([[1784, 2846],
       [1790, 2621],
       [2014, 2628],
       [2008, 2854]]), array([[1790, 2621],
       [1798, 2370],
       [2022, 2377],
       [2014, 2628]]), array([[1798, 2370],
       [1805, 2119],
       [2029, 2126],
       [2022, 2377]]), array([[1805, 2119],
       [1811, 1894],
       [2035, 1900],
       [2029, 2126]])]