Big box:
[array([ 686, 3034]), array([ 743, 2053]), array([1701, 2079]), array([1674, 3063])]

Small boxes:
[array([[ 686, 3034],
       [ 700, 2802],
       [ 932, 2808],
       [ 920, 3041]]), array([[ 700, 2802],
       [ 714, 2544],
       [ 945, 2550],
       [ 932, 2808]]), array([[ 714, 2544],
       [ 730, 2285],
       [ 958, 2292],
       [ 945, 2550]]), array([[ 730, 2285],
       [ 743, 2053],
       [ 970, 2059],
       [ 958, 2292]]), array([[ 920, 3041],
       [ 932, 2808],
       [1190, 2816],
       [1180, 3048]]), array([[ 932, 2808],
       [ 945, 2550],
       [1201, 2557],
       [1190, 2816]]), array([[ 945, 2550],
       [ 958, 2292],
       [1212, 2299],
       [1201, 2557]]), array([[ 958, 2292],
       [ 970, 2059],
       [1222, 2066],
       [1212, 2299]]), array([[1180, 3048],
       [1190, 2816],
       [1448, 2823],
       [1440, 3056]]), array([[1190, 2816],
       [1201, 2557],
       [1457, 2564],
       [1448, 2823]]), array([[1201, 2557],
       [1212, 2299],
       [1466, 2306],
       [1457, 2564]]), array([[1212, 2299],
       [1222, 2066],
       [1474, 2073],
       [1466, 2306]]), array([[1440, 3056],
       [1448, 2823],
       [1680, 2830],
       [1674, 3063]]), array([[1448, 2823],
       [1457, 2564],
       [1688, 2571],
       [1680, 2830]]), array([[1457, 2564],
       [1466, 2306],
       [1695, 2312],
       [1688, 2571]]), array([[1466, 2306],
       [1474, 2073],
       [1701, 2079],
       [1695, 2312]])]