Big box:
[array([ 977, 1592]), array([2093, 1579]), array([2108, 2699]), array([ 983, 2714])]

Small boxes:
[array([[ 977, 1592],
       [1241, 1589],
       [1243, 1855],
       [ 978, 1858]]), array([[1241, 1589],
       [1535, 1586],
       [1537, 1851],
       [1243, 1855]]), array([[1535, 1586],
       [1829, 1582],
       [1832, 1847],
       [1537, 1851]]), array([[1829, 1582],
       [2093, 1579],
       [2097, 1844],
       [1832, 1847]]), array([[ 978, 1858],
       [1243, 1855],
       [1245, 2150],
       [ 980, 2153]]), array([[1243, 1855],
       [1537, 1851],
       [1540, 2146],
       [1245, 2150]]), array([[1537, 1851],
       [1832, 1847],
       [1835, 2142],
       [1540, 2146]]), array([[1832, 1847],
       [2097, 1844],
       [2100, 2139],
       [1835, 2142]]), array([[ 980, 2153],
       [1245, 2150],
       [1248, 2445],
       [ 982, 2448]]), array([[1245, 2150],
       [1540, 2146],
       [1543, 2441],
       [1248, 2445]]), array([[1540, 2146],
       [1835, 2142],
       [1839, 2437],
       [1543, 2441]]), array([[1835, 2142],
       [2100, 2139],
       [2104, 2434],
       [1839, 2437]]), array([[ 982, 2448],
       [1248, 2445],
       [1249, 2710],
       [ 983, 2714]]), array([[1248, 2445],
       [1543, 2441],
       [1546, 2706],
       [1249, 2710]]), array([[1543, 2441],
       [1839, 2437],
       [1842, 2703],
       [1546, 2706]]), array([[1839, 2437],
       [2104, 2434],
       [2108, 2699],
       [1842, 2703]])]