Big box:
[array([ 985, 2805]), array([1028, 1866]), array([1964, 1891]), array([1944, 2842])]

Small boxes:
[array([[ 985, 2805],
       [ 995, 2583],
       [1221, 2591],
       [1212, 2814]]), array([[ 995, 2583],
       [1006, 2336],
       [1231, 2343],
       [1221, 2591]]), array([[1006, 2336],
       [1018, 2088],
       [1241, 2095],
       [1231, 2343]]), array([[1018, 2088],
       [1028, 1866],
       [1250, 1872],
       [1241, 2095]]), array([[1212, 2814],
       [1221, 2591],
       [1472, 2600],
       [1464, 2824]]), array([[1221, 2591],
       [1231, 2343],
       [1480, 2351],
       [1472, 2600]]), array([[1231, 2343],
       [1241, 2095],
       [1489, 2102],
       [1480, 2351]]), array([[1241, 2095],
       [1250, 1872],
       [1496, 1878],
       [1489, 2102]]), array([[1464, 2824],
       [1472, 2600],
       [1723, 2609],
       [1717, 2833]]), array([[1472, 2600],
       [1480, 2351],
       [1730, 2359],
       [1723, 2609]]), array([[1480, 2351],
       [1489, 2102],
       [1736, 2110],
       [1730, 2359]]), array([[1489, 2102],
       [1496, 1878],
       [1742, 1885],
       [1736, 2110]]), array([[1717, 2833],
       [1723, 2609],
       [1949, 2617],
       [1944, 2842]]), array([[1723, 2609],
       [1730, 2359],
       [1954, 2366],
       [1949, 2617]]), array([[1730, 2359],
       [1736, 2110],
       [1959, 2116],
       [1954, 2366]]), array([[1736, 2110],
       [1742, 1885],
       [1964, 1891],
       [1959, 2116]])]