Big box:
[array([ 940, 2720]), array([ 968, 1578]), array([2121, 1595]), array([2099, 2754])]

Small boxes:
[array([[ 940, 2720],
       [ 947, 2450],
       [1221, 2457],
       [1214, 2728]]), array([[ 947, 2450],
       [ 954, 2149],
       [1228, 2155],
       [1221, 2457]]), array([[ 954, 2149],
       [ 961, 1848],
       [1235, 1853],
       [1228, 2155]]), array([[ 961, 1848],
       [ 968, 1578],
       [1241, 1582],
       [1235, 1853]]), array([[1214, 2728],
       [1221, 2457],
       [1525, 2465],
       [1520, 2737]]), array([[1221, 2457],
       [1228, 2155],
       [1532, 2162],
       [1525, 2465]]), array([[1228, 2155],
       [1235, 1853],
       [1539, 1859],
       [1532, 2162]]), array([[1235, 1853],
       [1241, 1582],
       [1544, 1586],
       [1539, 1859]]), array([[1520, 2737],
       [1525, 2465],
       [1830, 2472],
       [1824, 2746]]), array([[1525, 2465],
       [1532, 2162],
       [1836, 2168],
       [1830, 2472]]), array([[1532, 2162],
       [1539, 1859],
       [1842, 1865],
       [1836, 2168]]), array([[1539, 1859],
       [1544, 1586],
       [1848, 1591],
       [1842, 1865]]), array([[1824, 2746],
       [1830, 2472],
       [2104, 2480],
       [2099, 2754]]), array([[1830, 2472],
       [1836, 2168],
       [2110, 2174],
       [2104, 2480]]), array([[1836, 2168],
       [1842, 1865],
       [2116, 1870],
       [2110, 2174]]), array([[1842, 1865],
       [1848, 1591],
       [2121, 1595],
       [2116, 1870]])]