Big box:
[array([1066, 2825]), array([1121, 1842]), array([2096, 1889]), array([2054, 2875])]

Small boxes:
[array([[1066, 2825],
       [1079, 2592],
       [1312, 2604],
       [1300, 2837]]), array([[1079, 2592],
       [1094, 2334],
       [1326, 2345],
       [1312, 2604]]), array([[1094, 2334],
       [1108, 2075],
       [1340, 2086],
       [1326, 2345]]), array([[1108, 2075],
       [1121, 1842],
       [1352, 1853],
       [1340, 2086]]), array([[1300, 2837],
       [1312, 2604],
       [1571, 2617],
       [1560, 2850]]), array([[1312, 2604],
       [1326, 2345],
       [1584, 2358],
       [1571, 2617]]), array([[1326, 2345],
       [1340, 2086],
       [1597, 2099],
       [1584, 2358]]), array([[1340, 2086],
       [1352, 1853],
       [1608, 1866],
       [1597, 2099]]), array([[1560, 2850],
       [1571, 2617],
       [1831, 2630],
       [1820, 2863]]), array([[1571, 2617],
       [1584, 2358],
       [1843, 2371],
       [1831, 2630]]), array([[1584, 2358],
       [1597, 2099],
       [1854, 2111],
       [1843, 2371]]), array([[1597, 2099],
       [1608, 1866],
       [1865, 1878],
       [1854, 2111]]), array([[1820, 2863],
       [1831, 2630],
       [2064, 2641],
       [2054, 2875]]), array([[1831, 2630],
       [1843, 2371],
       [2075, 2382],
       [2064, 2641]]), array([[1843, 2371],
       [1854, 2111],
       [2086, 2123],
       [2075, 2382]]), array([[1854, 2111],
       [1865, 1878],
       [2096, 1889],
       [2086, 2123]])]