Big box:
[array([1178, 3009]), array([1198, 2020]), array([2172, 2034]), array([2167, 3037])]

Small boxes:
[array([[1178, 3009],
       [1183, 2775],
       [1416, 2781],
       [1412, 3016]]), array([[1183, 2775],
       [1188, 2514],
       [1420, 2519],
       [1416, 2781]]), array([[1188, 2514],
       [1193, 2254],
       [1425, 2258],
       [1420, 2519]]), array([[1193, 2254],
       [1198, 2020],
       [1429, 2023],
       [1425, 2258]]), array([[1412, 3016],
       [1416, 2781],
       [1675, 2787],
       [1672, 3023]]), array([[1416, 2781],
       [1420, 2519],
       [1679, 2525],
       [1675, 2787]]), array([[1420, 2519],
       [1425, 2258],
       [1682, 2263],
       [1679, 2525]]), array([[1425, 2258],
       [1429, 2023],
       [1685, 2027],
       [1682, 2263]]), array([[1672, 3023],
       [1675, 2787],
       [1935, 2794],
       [1933, 3030]]), array([[1675, 2787],
       [1679, 2525],
       [1937, 2531],
       [1935, 2794]]), array([[1679, 2525],
       [1682, 2263],
       [1939, 2267],
       [1937, 2531]]), array([[1682, 2263],
       [1685, 2027],
       [1941, 2031],
       [1939, 2267]]), array([[1933, 3030],
       [1935, 2794],
       [2168, 2799],
       [2167, 3037]]), array([[1935, 2794],
       [1937, 2531],
       [2170, 2536],
       [2168, 2799]]), array([[1937, 2531],
       [1939, 2267],
       [2171, 2272],
       [2170, 2536]]), array([[1939, 2267],
       [1941, 2031],
       [2172, 2034],
       [2171, 2272]])]