Big box:
[array([1032, 2877]), array([1061, 1662]), array([2277, 1684]), array([2257, 2914])]

Small boxes:
[array([[1032, 2877],
       [1039, 2589],
       [1328, 2597],
       [1322, 2886]]), array([[1039, 2589],
       [1046, 2270],
       [1336, 2276],
       [1328, 2597]]), array([[1046, 2270],
       [1054, 1950],
       [1343, 1956],
       [1336, 2276]]), array([[1054, 1950],
       [1061, 1662],
       [1349, 1667],
       [1343, 1956]]), array([[1322, 2886],
       [1328, 2597],
       [1650, 2606],
       [1644, 2896]]), array([[1328, 2597],
       [1336, 2276],
       [1657, 2284],
       [1650, 2606]]), array([[1336, 2276],
       [1343, 1956],
       [1663, 1963],
       [1657, 2284]]), array([[1343, 1956],
       [1349, 1667],
       [1669, 1673],
       [1663, 1963]]), array([[1644, 2896],
       [1650, 2606],
       [1972, 2615],
       [1967, 2905]]), array([[1650, 2606],
       [1657, 2284],
       [1978, 2292],
       [1972, 2615]]), array([[1657, 2284],
       [1663, 1963],
       [1984, 1969],
       [1978, 2292]]), array([[1663, 1963],
       [1669, 1673],
       [1989, 1679],
       [1984, 1969]]), array([[1967, 2905],
       [1972, 2615],
       [2262, 2623],
       [2257, 2914]]), array([[1972, 2615],
       [1978, 2292],
       [2267, 2299],
       [2262, 2623]]), array([[1978, 2292],
       [1984, 1969],
       [2272, 1975],
       [2267, 2299]]), array([[1984, 1969],
       [1989, 1679],
       [2277, 1684],
       [2272, 1975]])]