Big box:
[array([ 858, 2807]), array([ 917, 1826]), array([1890, 1870]), array([1847, 2855])]

Small boxes:
[array([[ 858, 2807],
       [ 872, 2575],
       [1105, 2586],
       [1092, 2818]]), array([[ 872, 2575],
       [ 888, 2316],
       [1120, 2327],
       [1105, 2586]]), array([[ 888, 2316],
       [ 903, 2058],
       [1134, 2069],
       [1120, 2327]]), array([[ 903, 2058],
       [ 917, 1826],
       [1147, 1836],
       [1134, 2069]]), array([[1092, 2818],
       [1105, 2586],
       [1365, 2598],
       [1352, 2831]]), array([[1105, 2586],
       [1120, 2327],
       [1378, 2340],
       [1365, 2598]]), array([[1120, 2327],
       [1134, 2069],
       [1391, 2081],
       [1378, 2340]]), array([[1134, 2069],
       [1147, 1836],
       [1404, 1848],
       [1391, 2081]]), array([[1352, 2831],
       [1365, 2598],
       [1624, 2611],
       [1613, 2844]]), array([[1365, 2598],
       [1378, 2340],
       [1636, 2352],
       [1624, 2611]]), array([[1378, 2340],
       [1391, 2081],
       [1648, 2093],
       [1636, 2352]]), array([[1391, 2081],
       [1404, 1848],
       [1660, 1860],
       [1648, 2093]]), array([[1613, 2844],
       [1624, 2611],
       [1857, 2622],
       [1847, 2855]]), array([[1624, 2611],
       [1636, 2352],
       [1868, 2362],
       [1857, 2622]]), array([[1636, 2352],
       [1648, 2093],
       [1880, 2103],
       [1868, 2362]]), array([[1648, 2093],
       [1660, 1860],
       [1890, 1870],
       [1880, 2103]])]