Big box:
[array([1156, 1982]), array([2126, 1982]), array([2144, 2980]), array([1147, 2974])]

Small boxes:
[array([[1156, 1982],
       [1386, 1982],
       [1385, 2217],
       [1154, 2217]]), array([[1386, 1982],
       [1641, 1982],
       [1642, 2218],
       [1385, 2217]]), array([[1641, 1982],
       [1896, 1982],
       [1899, 2218],
       [1642, 2218]]), array([[1896, 1982],
       [2126, 1982],
       [2130, 2218],
       [1899, 2218]]), array([[1154, 2217],
       [1385, 2217],
       [1384, 2479],
       [1152, 2478]]), array([[1385, 2217],
       [1642, 2218],
       [1643, 2480],
       [1384, 2479]]), array([[1642, 2218],
       [1899, 2218],
       [1902, 2480],
       [1643, 2480]]), array([[1899, 2218],
       [2130, 2218],
       [2135, 2481],
       [1902, 2480]]), array([[1152, 2478],
       [1384, 2479],
       [1384, 2740],
       [1149, 2739]]), array([[1384, 2479],
       [1643, 2480],
       [1644, 2741],
       [1384, 2740]]), array([[1643, 2480],
       [1902, 2480],
       [1905, 2743],
       [1644, 2741]]), array([[1902, 2480],
       [2135, 2481],
       [2140, 2744],
       [1905, 2743]]), array([[1149, 2739],
       [1384, 2740],
       [1383, 2975],
       [1147, 2974]]), array([[1384, 2740],
       [1644, 2741],
       [1646, 2977],
       [1383, 2975]]), array([[1644, 2741],
       [1905, 2743],
       [1908, 2979],
       [1646, 2977]]), array([[1905, 2743],
       [2140, 2744],
       [2144, 2980],
       [1908, 2979]])]