Big box:
[array([1000, 3178]), array([1048, 2167]), array([2010, 2207]), array([2001, 3192])]

Small boxes:
[array([[1000, 3178],
       [1011, 2939],
       [1246, 2943],
       [1237, 3181]]), array([[1011, 2939],
       [1024, 2672],
       [1256, 2679],
       [1246, 2943]]), array([[1024, 2672],
       [1037, 2406],
       [1267, 2414],
       [1256, 2679]]), array([[1037, 2406],
       [1048, 2167],
       [1276, 2176],
       [1267, 2414]]), array([[1237, 3181],
       [1246, 2943],
       [1507, 2949],
       [1500, 3185]]), array([[1246, 2943],
       [1256, 2679],
       [1515, 2686],
       [1507, 2949]]), array([[1256, 2679],
       [1267, 2414],
       [1522, 2423],
       [1515, 2686]]), array([[1267, 2414],
       [1276, 2176],
       [1529, 2187],
       [1522, 2423]]), array([[1500, 3185],
       [1507, 2949],
       [1768, 2954],
       [1764, 3189]]), array([[1507, 2949],
       [1515, 2686],
       [1773, 2693],
       [1768, 2954]]), array([[1515, 2686],
       [1522, 2423],
       [1778, 2432],
       [1773, 2693]]), array([[1522, 2423],
       [1529, 2187],
       [1782, 2198],
       [1778, 2432]]), array([[1764, 3189],
       [1768, 2954],
       [2003, 2959],
       [2001, 3192]]), array([[1768, 2954],
       [1773, 2693],
       [2006, 2700],
       [2003, 2959]]), array([[1773, 2693],
       [1778, 2432],
       [2008, 2440],
       [2006, 2700]]), array([[1778, 2432],
       [1782, 2198],
       [2010, 2207],
       [2008, 2440]])]