Big box:
[array([1229, 1428]), array([2373, 1396]), array([2398, 2527]), array([1257, 2553])]

Small boxes:
[array([[1229, 1428],
       [1500, 1420],
       [1506, 1687],
       [1236, 1694]]), array([[1500, 1420],
       [1801, 1412],
       [1807, 1679],
       [1506, 1687]]), array([[1801, 1412],
       [2102, 1404],
       [2108, 1671],
       [1807, 1679]]), array([[2102, 1404],
       [2373, 1396],
       [2379, 1664],
       [2108, 1671]]), array([[1236, 1694],
       [1506, 1687],
       [1514, 1984],
       [1243, 1990]]), array([[1506, 1687],
       [1807, 1679],
       [1814, 1976],
       [1514, 1984]]), array([[1807, 1679],
       [2108, 1671],
       [2115, 1968],
       [1814, 1976]]), array([[2108, 1671],
       [2379, 1664],
       [2386, 1962],
       [2115, 1968]]), array([[1243, 1990],
       [1514, 1984],
       [1521, 2280],
       [1250, 2287]]), array([[1514, 1984],
       [1814, 1976],
       [1821, 2273],
       [1521, 2280]]), array([[1814, 1976],
       [2115, 1968],
       [2122, 2266],
       [1821, 2273]]), array([[2115, 1968],
       [2386, 1962],
       [2392, 2259],
       [2122, 2266]]), array([[1250, 2287],
       [1521, 2280],
       [1527, 2547],
       [1257, 2553]]), array([[1521, 2280],
       [1821, 2273],
       [1828, 2540],
       [1527, 2547]]), array([[1821, 2273],
       [2122, 2266],
       [2128, 2533],
       [1828, 2540]]), array([[2122, 2266],
       [2392, 2259],
       [2398, 2527],
       [2128, 2533]])]