Big box:
[array([1068, 1449]), array([2183, 1420]), array([2221, 2545]), array([1088, 2571])]

Small boxes:
[array([[1068, 1449],
       [1332, 1442],
       [1338, 1708],
       [1073, 1715]]), array([[1332, 1442],
       [1626, 1434],
       [1632, 1701],
       [1338, 1708]]), array([[1626, 1434],
       [1919, 1427],
       [1927, 1693],
       [1632, 1701]]), array([[1919, 1427],
       [2183, 1420],
       [2192, 1686],
       [1927, 1693]]), array([[1073, 1715],
       [1338, 1708],
       [1344, 2003],
       [1078, 2010]]), array([[1338, 1708],
       [1632, 1701],
       [1640, 1996],
       [1344, 2003]]), array([[1632, 1701],
       [1927, 1693],
       [1936, 1989],
       [1640, 1996]]), array([[1927, 1693],
       [2192, 1686],
       [2202, 1982],
       [1936, 1989]]), array([[1078, 2010],
       [1344, 2003],
       [1351, 2299],
       [1083, 2305]]), array([[1344, 2003],
       [1640, 1996],
       [1648, 2292],
       [1351, 2299]]), array([[1640, 1996],
       [1936, 1989],
       [1945, 2285],
       [1648, 2292]]), array([[1936, 1989],
       [2202, 1982],
       [2212, 2279],
       [1945, 2285]]), array([[1083, 2305],
       [1351, 2299],
       [1356, 2565],
       [1088, 2571]]), array([[1351, 2299],
       [1648, 2292],
       [1654, 2558],
       [1356, 2565]]), array([[1648, 2292],
       [1945, 2285],
       [1953, 2551],
       [1654, 2558]]), array([[1945, 2285],
       [2212, 2279],
       [2221, 2545],
       [1953, 2551]])]