Big box:
[array([ 808, 2702]), array([ 838, 1556]), array([1987, 1575]), array([1965, 2730])]

Small boxes:
[array([[ 808, 2702],
       [ 815, 2431],
       [1089, 2437],
       [1082, 2709]]), array([[ 815, 2431],
       [ 823, 2129],
       [1096, 2135],
       [1089, 2437]]), array([[ 823, 2129],
       [ 831, 1827],
       [1103, 1832],
       [1096, 2135]]), array([[ 831, 1827],
       [ 838, 1556],
       [1110, 1560],
       [1103, 1832]]), array([[1082, 2709],
       [1089, 2437],
       [1393, 2444],
       [1386, 2716]]), array([[1089, 2437],
       [1096, 2135],
       [1400, 2141],
       [1393, 2444]]), array([[1096, 2135],
       [1103, 1832],
       [1406, 1838],
       [1400, 2141]]), array([[1103, 1832],
       [1110, 1560],
       [1412, 1566],
       [1406, 1838]]), array([[1386, 2716],
       [1393, 2444],
       [1697, 2450],
       [1691, 2723]]), array([[1393, 2444],
       [1400, 2141],
       [1703, 2147],
       [1697, 2450]]), array([[1400, 2141],
       [1406, 1838],
       [1709, 1844],
       [1703, 2147]]), array([[1406, 1838],
       [1412, 1566],
       [1715, 1570],
       [1709, 1844]]), array([[1691, 2723],
       [1697, 2450],
       [1970, 2456],
       [1965, 2730]]), array([[1697, 2450],
       [1703, 2147],
       [1976, 2152],
       [1970, 2456]]), array([[1703, 2147],
       [1709, 1844],
       [1982, 1849],
       [1976, 2152]]), array([[1709, 1844],
       [1715, 1570],
       [1987, 1575],
       [1982, 1849]])]