Big box:
[array([ 885, 2819]), array([ 925, 1847]), array([1885, 1875]), array([1860, 2848])]

Small boxes:
[array([[ 885, 2819],
       [ 894, 2589],
       [1125, 2596],
       [1116, 2826]]), array([[ 894, 2589],
       [ 905, 2333],
       [1134, 2340],
       [1125, 2596]]), array([[ 905, 2333],
       [ 916, 2077],
       [1144, 2084],
       [1134, 2340]]), array([[ 916, 2077],
       [ 925, 1847],
       [1152, 1854],
       [1144, 2084]]), array([[1116, 2826],
       [1125, 2596],
       [1380, 2603],
       [1372, 2834]]), array([[1125, 2596],
       [1134, 2340],
       [1389, 2347],
       [1380, 2603]]), array([[1134, 2340],
       [1144, 2084],
       [1397, 2091],
       [1389, 2347]]), array([[1144, 2084],
       [1152, 1854],
       [1405, 1861],
       [1397, 2091]]), array([[1372, 2834],
       [1380, 2603],
       [1636, 2611],
       [1629, 2841]]), array([[1380, 2603],
       [1389, 2347],
       [1643, 2355],
       [1636, 2611]]), array([[1389, 2347],
       [1397, 2091],
       [1651, 2099],
       [1643, 2355]]), array([[1397, 2091],
       [1405, 1861],
       [1658, 1868],
       [1651, 2099]]), array([[1629, 2841],
       [1636, 2611],
       [1866, 2618],
       [1860, 2848]]), array([[1636, 2611],
       [1643, 2355],
       [1872, 2362],
       [1866, 2618]]), array([[1643, 2355],
       [1651, 2099],
       [1879, 2105],
       [1872, 2362]]), array([[1651, 2099],
       [1658, 1868],
       [1885, 1875],
       [1879, 2105]])]