Big box:
[array([1011, 2737]), array([1051, 1766]), array([2009, 1800]), array([1984, 2762])]

Small boxes:
[array([[1011, 2737],
       [1020, 2507],
       [1250, 2513],
       [1241, 2743]]), array([[1020, 2507],
       [1031, 2252],
       [1260, 2258],
       [1250, 2513]]), array([[1031, 2252],
       [1042, 1996],
       [1269, 2004],
       [1260, 2258]]), array([[1042, 1996],
       [1051, 1766],
       [1278, 1774],
       [1269, 2004]]), array([[1241, 2743],
       [1250, 2513],
       [1505, 2521],
       [1498, 2750]]), array([[1250, 2513],
       [1260, 2258],
       [1514, 2266],
       [1505, 2521]]), array([[1260, 2258],
       [1269, 2004],
       [1522, 2012],
       [1514, 2266]]), array([[1269, 2004],
       [1278, 1774],
       [1530, 1783],
       [1522, 2012]]), array([[1498, 2750],
       [1505, 2521],
       [1760, 2528],
       [1754, 2756]]), array([[1505, 2521],
       [1514, 2266],
       [1768, 2274],
       [1760, 2528]]), array([[1514, 2266],
       [1522, 2012],
       [1775, 2020],
       [1768, 2274]]), array([[1522, 2012],
       [1530, 1783],
       [1782, 1792],
       [1775, 2020]]), array([[1754, 2756],
       [1760, 2528],
       [1990, 2534],
       [1984, 2762]]), array([[1760, 2528],
       [1768, 2274],
       [1996, 2281],
       [1990, 2534]]), array([[1768, 2274],
       [1775, 2020],
       [2003, 2028],
       [1996, 2281]]), array([[1775, 2020],
       [1782, 1792],
       [2009, 1800],
       [2003, 2028]])]