Big box:
[array([1240, 2920]), array([1276, 1954]), array([2222, 1983]), array([2216, 2952])]

Small boxes:
[array([[1240, 2920],
       [1249, 2691],
       [1478, 2699],
       [1471, 2928]]), array([[1249, 2691],
       [1258, 2437],
       [1486, 2444],
       [1478, 2699]]), array([[1258, 2437],
       [1267, 2183],
       [1493, 2190],
       [1486, 2444]]), array([[1267, 2183],
       [1276, 1954],
       [1500, 1961],
       [1493, 2190]]), array([[1471, 2928],
       [1478, 2699],
       [1733, 2707],
       [1728, 2936]]), array([[1478, 2699],
       [1486, 2444],
       [1738, 2452],
       [1733, 2707]]), array([[1486, 2444],
       [1493, 2190],
       [1744, 2198],
       [1738, 2452]]), array([[1493, 2190],
       [1500, 1961],
       [1749, 1968],
       [1744, 2198]]), array([[1728, 2936],
       [1733, 2707],
       [1988, 2715],
       [1985, 2944]]), array([[1733, 2707],
       [1738, 2452],
       [1991, 2460],
       [1988, 2715]]), array([[1738, 2452],
       [1744, 2198],
       [1995, 2205],
       [1991, 2460]]), array([[1744, 2198],
       [1749, 1968],
       [1998, 1976],
       [1995, 2205]]), array([[1985, 2944],
       [1988, 2715],
       [2217, 2722],
       [2216, 2952]]), array([[1988, 2715],
       [1991, 2460],
       [2219, 2468],
       [2217, 2722]]), array([[1991, 2460],
       [1995, 2205],
       [2221, 2212],
       [2219, 2468]]), array([[1995, 2205],
       [1998, 1976],
       [2222, 1983],
       [2221, 2212]])]