Big box:
[array([1138, 2683]), array([1163, 1526]), array([2332, 1545]), array([2309, 2715])]

Small boxes:
[array([[1138, 2683],
       [1144, 2409],
       [1421, 2416],
       [1415, 2691]]), array([[1144, 2409],
       [1150, 2104],
       [1428, 2111],
       [1421, 2416]]), array([[1150, 2104],
       [1157, 1800],
       [1434, 1805],
       [1428, 2111]]), array([[1157, 1800],
       [1163, 1526],
       [1440, 1530],
       [1434, 1805]]), array([[1415, 2691],
       [1421, 2416],
       [1729, 2423],
       [1724, 2699]]), array([[1421, 2416],
       [1428, 2111],
       [1736, 2117],
       [1729, 2423]]), array([[1428, 2111],
       [1434, 1805],
       [1742, 1811],
       [1736, 2117]]), array([[1434, 1805],
       [1440, 1530],
       [1748, 1536],
       [1742, 1811]]), array([[1724, 2699],
       [1729, 2423],
       [2037, 2431],
       [2032, 2707]]), array([[1729, 2423],
       [1736, 2117],
       [2043, 2124],
       [2037, 2431]]), array([[1736, 2117],
       [1742, 1811],
       [2050, 1817],
       [2043, 2124]]), array([[1742, 1811],
       [1748, 1536],
       [2055, 1540],
       [2050, 1817]]), array([[2032, 2707],
       [2037, 2431],
       [2314, 2438],
       [2309, 2715]]), array([[2037, 2431],
       [2043, 2124],
       [2320, 2130],
       [2314, 2438]]), array([[2043, 2124],
       [2050, 1817],
       [2327, 1822],
       [2320, 2130]]), array([[2050, 1817],
       [2055, 1540],
       [2332, 1545],
       [2327, 1822]])]