Big box:
[array([1021, 2023]), array([1980, 2023]), array([1989, 3005]), array([1012, 3005])]

Small boxes:
[array([[1021, 2023],
       [1248, 2023],
       [1247, 2256],
       [1019, 2256]]), array([[1248, 2023],
       [1500, 2023],
       [1500, 2256],
       [1247, 2256]]), array([[1500, 2023],
       [1753, 2023],
       [1754, 2256],
       [1500, 2256]]), array([[1753, 2023],
       [1980, 2023],
       [1982, 2256],
       [1754, 2256]]), array([[1019, 2256],
       [1247, 2256],
       [1246, 2514],
       [1016, 2514]]), array([[1247, 2256],
       [1500, 2256],
       [1500, 2514],
       [1246, 2514]]), array([[1500, 2256],
       [1754, 2256],
       [1755, 2514],
       [1500, 2514]]), array([[1754, 2256],
       [1982, 2256],
       [1984, 2514],
       [1755, 2514]]), array([[1016, 2514],
       [1246, 2514],
       [1245, 2772],
       [1014, 2772]]), array([[1246, 2514],
       [1500, 2514],
       [1500, 2772],
       [1245, 2772]]), array([[1500, 2514],
       [1755, 2514],
       [1756, 2772],
       [1500, 2772]]), array([[1755, 2514],
       [1984, 2514],
       [1987, 2772],
       [1756, 2772]]), array([[1014, 2772],
       [1245, 2772],
       [1243, 3005],
       [1012, 3005]]), array([[1245, 2772],
       [1500, 2772],
       [1500, 3005],
       [1243, 3005]]), array([[1500, 2772],
       [1756, 2772],
       [1758, 3005],
       [1500, 3005]]), array([[1756, 2772],
       [1987, 2772],
       [1989, 3005],
       [1758, 3005]])]