Big box:
[array([1138, 2814]), array([1173, 1847]), array([2127, 1875]), array([2108, 2842])]

Small boxes:
[array([[1138, 2814],
       [1146, 2585],
       [1375, 2592],
       [1368, 2821]]), array([[1146, 2585],
       [1156, 2330],
       [1383, 2337],
       [1375, 2592]]), array([[1156, 2330],
       [1165, 2076],
       [1392, 2083],
       [1383, 2337]]), array([[1165, 2076],
       [1173, 1847],
       [1399, 1854],
       [1392, 2083]]), array([[1368, 2821],
       [1375, 2592],
       [1629, 2599],
       [1623, 2828]]), array([[1375, 2592],
       [1383, 2337],
       [1636, 2344],
       [1629, 2599]]), array([[1383, 2337],
       [1392, 2083],
       [1644, 2090],
       [1636, 2344]]), array([[1392, 2083],
       [1399, 1854],
       [1650, 1861],
       [1644, 2090]]), array([[1623, 2828],
       [1629, 2599],
       [1884, 2606],
       [1878, 2835]]), array([[1629, 2599],
       [1636, 2344],
       [1890, 2352],
       [1884, 2606]]), array([[1636, 2344],
       [1644, 2090],
       [1896, 2097],
       [1890, 2352]]), array([[1644, 2090],
       [1650, 1861],
       [1901, 1868],
       [1896, 2097]]), array([[1878, 2835],
       [1884, 2606],
       [2112, 2613],
       [2108, 2842]]), array([[1884, 2606],
       [1890, 2352],
       [2118, 2358],
       [2112, 2613]]), array([[1890, 2352],
       [1896, 2097],
       [2122, 2104],
       [2118, 2358]]), array([[1896, 2097],
       [1901, 1868],
       [2127, 1875],
       [2122, 2104]])]