Big box:
[array([1006, 3233]), array([1047, 2228]), array([2009, 2259]), array([1995, 3261])]

Small boxes:
[array([[1006, 3233],
       [1016, 2995],
       [1248, 3002],
       [1240, 3240]]), array([[1016, 2995],
       [1026, 2730],
       [1258, 2737],
       [1248, 3002]]), array([[1026, 2730],
       [1037, 2466],
       [1267, 2473],
       [1258, 2737]]), array([[1037, 2466],
       [1047, 2228],
       [1275, 2235],
       [1267, 2473]]), array([[1240, 3240],
       [1248, 3002],
       [1507, 3009],
       [1500, 3247]]), array([[1248, 3002],
       [1258, 2737],
       [1514, 2745],
       [1507, 3009]]), array([[1258, 2737],
       [1267, 2473],
       [1521, 2481],
       [1514, 2745]]), array([[1267, 2473],
       [1275, 2235],
       [1528, 2244],
       [1521, 2481]]), array([[1500, 3247],
       [1507, 3009],
       [1766, 3017],
       [1761, 3254]]), array([[1507, 3009],
       [1514, 2745],
       [1771, 2753],
       [1766, 3017]]), array([[1514, 2745],
       [1521, 2481],
       [1776, 2489],
       [1771, 2753]]), array([[1521, 2481],
       [1528, 2244],
       [1781, 2252],
       [1776, 2489]]), array([[1761, 3254],
       [1766, 3017],
       [1998, 3024],
       [1995, 3261]]), array([[1766, 3017],
       [1771, 2753],
       [2002, 2760],
       [1998, 3024]]), array([[1771, 2753],
       [1776, 2489],
       [2006, 2496],
       [2002, 2760]]), array([[1776, 2489],
       [1781, 2252],
       [2009, 2259],
       [2006, 2496]])]