Big box:
[array([1144, 3021]), array([1184, 2038]), array([2146, 2068]), array([2137, 3066])]

Small boxes:
[array([[1144, 3021],
       [1153, 2788],
       [1387, 2798],
       [1379, 3032]]), array([[1153, 2788],
       [1164, 2530],
       [1396, 2538],
       [1387, 2798]]), array([[1164, 2530],
       [1175, 2271],
       [1404, 2279],
       [1396, 2538]]), array([[1175, 2271],
       [1184, 2038],
       [1412, 2045],
       [1404, 2279]]), array([[1379, 3032],
       [1387, 2798],
       [1646, 2809],
       [1640, 3044]]), array([[1387, 2798],
       [1396, 2538],
       [1653, 2548],
       [1646, 2809]]), array([[1396, 2538],
       [1404, 2279],
       [1659, 2288],
       [1653, 2548]]), array([[1404, 2279],
       [1412, 2045],
       [1665, 2053],
       [1659, 2288]]), array([[1640, 3044],
       [1646, 2809],
       [1906, 2820],
       [1902, 3055]]), array([[1646, 2809],
       [1653, 2548],
       [1910, 2558],
       [1906, 2820]]), array([[1653, 2548],
       [1659, 2288],
       [1914, 2296],
       [1910, 2558]]), array([[1659, 2288],
       [1665, 2053],
       [1918, 2061],
       [1914, 2296]]), array([[1902, 3055],
       [1906, 2820],
       [2139, 2830],
       [2137, 3066]]), array([[1906, 2820],
       [1910, 2558],
       [2142, 2567],
       [2139, 2830]]), array([[1910, 2558],
       [1914, 2296],
       [2144, 2304],
       [2142, 2567]]), array([[1914, 2296],
       [1918, 2061],
       [2146, 2068],
       [2144, 2304]])]