Big box:
[array([ 952, 2707]), array([ 989, 1488]), array([2206, 1516]), array([2181, 2741])]

Small boxes:
[array([[ 952, 2707],
       [ 961, 2418],
       [1251, 2426],
       [1243, 2715]]), array([[ 961, 2418],
       [ 970, 2098],
       [1260, 2105],
       [1251, 2426]]), array([[ 970, 2098],
       [ 980, 1777],
       [1269, 1784],
       [1260, 2105]]), array([[ 980, 1777],
       [ 989, 1488],
       [1277, 1495],
       [1269, 1784]]), array([[1243, 2715],
       [1251, 2426],
       [1574, 2435],
       [1566, 2724]]), array([[1251, 2426],
       [1260, 2105],
       [1582, 2113],
       [1574, 2435]]), array([[1260, 2105],
       [1269, 1784],
       [1590, 1791],
       [1582, 2113]]), array([[1269, 1784],
       [1277, 1495],
       [1598, 1502],
       [1590, 1791]]), array([[1566, 2724],
       [1574, 2435],
       [1897, 2443],
       [1890, 2733]]), array([[1574, 2435],
       [1582, 2113],
       [1904, 2121],
       [1897, 2443]]), array([[1582, 2113],
       [1590, 1791],
       [1911, 1799],
       [1904, 2121]]), array([[1590, 1791],
       [1598, 1502],
       [1918, 1509],
       [1911, 1799]]), array([[1890, 2733],
       [1897, 2443],
       [2187, 2451],
       [2181, 2741]]), array([[1897, 2443],
       [1904, 2121],
       [2194, 2128],
       [2187, 2451]]), array([[1904, 2121],
       [1911, 1799],
       [2200, 1806],
       [2194, 2128]]), array([[1911, 1799],
       [1918, 1509],
       [2206, 1516],
       [2200, 1806]])]