Big box:
[array([ 822, 2684]), array([ 844, 1506]), array([2020, 1537]), array([1991, 2703])]

Small boxes:
[array([[ 822, 2684],
       [ 827, 2405],
       [1104, 2410],
       [1099, 2688]]), array([[ 827, 2405],
       [ 833, 2095],
       [1111, 2101],
       [1104, 2410]]), array([[ 833, 2095],
       [ 839, 1785],
       [1117, 1792],
       [1111, 2101]]), array([[ 839, 1785],
       [ 844, 1506],
       [1123, 1513],
       [1117, 1792]]), array([[1099, 2688],
       [1104, 2410],
       [1413, 2416],
       [1406, 2694]]), array([[1104, 2410],
       [1111, 2101],
       [1419, 2108],
       [1413, 2416]]), array([[1111, 2101],
       [1117, 1792],
       [1426, 1799],
       [1419, 2108]]), array([[1117, 1792],
       [1123, 1513],
       [1432, 1522],
       [1426, 1799]]), array([[1406, 2694],
       [1413, 2416],
       [1721, 2422],
       [1714, 2698]]), array([[1413, 2416],
       [1419, 2108],
       [1728, 2114],
       [1721, 2422]]), array([[1419, 2108],
       [1426, 1799],
       [1735, 1806],
       [1728, 2114]]), array([[1426, 1799],
       [1432, 1522],
       [1741, 1530],
       [1735, 1806]]), array([[1714, 2698],
       [1721, 2422],
       [1998, 2427],
       [1991, 2703]]), array([[1721, 2422],
       [1728, 2114],
       [2006, 2120],
       [1998, 2427]]), array([[1728, 2114],
       [1735, 1806],
       [2013, 1813],
       [2006, 2120]]), array([[1735, 1806],
       [1741, 1530],
       [2020, 1537],
       [2013, 1813]])]