Big box:
[array([ 973, 2723]), array([1005, 1481]), array([2254, 1510]), array([2220, 2755])]

Small boxes:
[array([[ 973, 2723],
       [ 981, 2429],
       [1276, 2436],
       [1268, 2731]]), array([[ 981, 2429],
       [ 989, 2102],
       [1285, 2109],
       [1276, 2436]]), array([[ 989, 2102],
       [ 997, 1775],
       [1293, 1782],
       [1285, 2109]]), array([[ 997, 1775],
       [1005, 1481],
       [1301, 1488],
       [1293, 1782]]), array([[1268, 2731],
       [1276, 2436],
       [1604, 2444],
       [1596, 2739]]), array([[1276, 2436],
       [1285, 2109],
       [1613, 2117],
       [1604, 2444]]), array([[1285, 2109],
       [1293, 1782],
       [1622, 1790],
       [1613, 2117]]), array([[1293, 1782],
       [1301, 1488],
       [1630, 1496],
       [1622, 1790]]), array([[1596, 2739],
       [1604, 2444],
       [1933, 2453],
       [1925, 2747]]), array([[1604, 2444],
       [1613, 2117],
       [1941, 2125],
       [1933, 2453]]), array([[1613, 2117],
       [1622, 1790],
       [1950, 1798],
       [1941, 2125]]), array([[1622, 1790],
       [1630, 1496],
       [1958, 1503],
       [1950, 1798]]), array([[1925, 2747],
       [1933, 2453],
       [2228, 2460],
       [2220, 2755]]), array([[1933, 2453],
       [1941, 2125],
       [2237, 2132],
       [2228, 2460]]), array([[1941, 2125],
       [1950, 1798],
       [2246, 1805],
       [2237, 2132]]), array([[1950, 1798],
       [1958, 1503],
       [2254, 1510],
       [2246, 1805]])]