Big box:
[array([1003, 3006]), array([1058, 2002]), array([2032, 2053]), array([1997, 3039])]

Small boxes:
[array([[1003, 3006],
       [1016, 2768],
       [1250, 2777],
       [1238, 3014]]), array([[1016, 2768],
       [1030, 2504],
       [1264, 2514],
       [1250, 2777]]), array([[1030, 2504],
       [1045, 2240],
       [1277, 2251],
       [1264, 2514]]), array([[1045, 2240],
       [1058, 2002],
       [1289, 2014],
       [1277, 2251]]), array([[1238, 3014],
       [1250, 2777],
       [1511, 2787],
       [1500, 3022]]), array([[1250, 2777],
       [1264, 2514],
       [1522, 2525],
       [1511, 2787]]), array([[1264, 2514],
       [1277, 2251],
       [1534, 2263],
       [1522, 2525]]), array([[1277, 2251],
       [1289, 2014],
       [1545, 2028],
       [1534, 2263]]), array([[1500, 3022],
       [1511, 2787],
       [1771, 2797],
       [1762, 3031]]), array([[1511, 2787],
       [1522, 2525],
       [1781, 2536],
       [1771, 2797]]), array([[1522, 2525],
       [1534, 2263],
       [1792, 2275],
       [1781, 2536]]), array([[1534, 2263],
       [1545, 2028],
       [1801, 2041],
       [1792, 2275]]), array([[1762, 3031],
       [1771, 2797],
       [2005, 2805],
       [1997, 3039]]), array([[1771, 2797],
       [1781, 2536],
       [2014, 2546],
       [2005, 2805]]), array([[1781, 2536],
       [1792, 2275],
       [2024, 2287],
       [2014, 2546]]), array([[1792, 2275],
       [1801, 2041],
       [2032, 2053],
       [2024, 2287]])]