Big box:
[array([ 734, 2665]), array([ 753, 1521]), array([1888, 1546]), array([1869, 2675])]

Small boxes:
[array([[ 734, 2665],
       [ 738, 2394],
       [1007, 2397],
       [1003, 2667]]), array([[ 738, 2394],
       [ 744, 2093],
       [1012, 2097],
       [1007, 2397]]), array([[ 744, 2093],
       [ 748, 1792],
       [1017, 1797],
       [1012, 2097]]), array([[ 748, 1792],
       [ 753, 1521],
       [1022, 1527],
       [1017, 1797]]), array([[1003, 2667],
       [1007, 2397],
       [1306, 2401],
       [1302, 2670]]), array([[1007, 2397],
       [1012, 2097],
       [1311, 2102],
       [1306, 2401]]), array([[1012, 2097],
       [1017, 1797],
       [1316, 1803],
       [1311, 2102]]), array([[1017, 1797],
       [1022, 1527],
       [1320, 1534],
       [1316, 1803]]), array([[1302, 2670],
       [1306, 2401],
       [1605, 2404],
       [1600, 2673]]), array([[1306, 2401],
       [1311, 2102],
       [1610, 2106],
       [1605, 2404]]), array([[1311, 2102],
       [1316, 1803],
       [1615, 1808],
       [1610, 2106]]), array([[1316, 1803],
       [1320, 1534],
       [1619, 1540],
       [1615, 1808]]), array([[1600, 2673],
       [1605, 2404],
       [1874, 2408],
       [1869, 2675]]), array([[1605, 2404],
       [1610, 2106],
       [1878, 2110],
       [1874, 2408]]), array([[1610, 2106],
       [1615, 1808],
       [1884, 1813],
       [1878, 2110]]), array([[1615, 1808],
       [1619, 1540],
       [1888, 1546],
       [1884, 1813]])]