Big box:
[array([ 991, 2892]), array([1005, 1954]), array([1930, 1953]), array([1934, 2897])]

Small boxes:
[array([[ 991, 2892],
       [ 994, 2670],
       [1217, 2671],
       [1214, 2893]]), array([[ 994, 2670],
       [ 998, 2423],
       [1219, 2423],
       [1217, 2671]]), array([[ 998, 2423],
       [1002, 2176],
       [1222, 2176],
       [1219, 2423]]), array([[1002, 2176],
       [1005, 1954],
       [1224, 1954],
       [1222, 2176]]), array([[1214, 2893],
       [1217, 2671],
       [1464, 2672],
       [1462, 2894]]), array([[1217, 2671],
       [1219, 2423],
       [1465, 2424],
       [1464, 2672]]), array([[1219, 2423],
       [1222, 2176],
       [1466, 2176],
       [1465, 2424]]), array([[1222, 2176],
       [1224, 1954],
       [1468, 1954],
       [1466, 2176]]), array([[1462, 2894],
       [1464, 2672],
       [1711, 2673],
       [1711, 2896]]), array([[1464, 2672],
       [1465, 2424],
       [1711, 2425],
       [1711, 2673]]), array([[1465, 2424],
       [1466, 2176],
       [1711, 2176],
       [1711, 2425]]), array([[1466, 2176],
       [1468, 1954],
       [1711, 1953],
       [1711, 2176]]), array([[1711, 2896],
       [1711, 2673],
       [1933, 2673],
       [1934, 2897]]), array([[1711, 2673],
       [1711, 2425],
       [1932, 2425],
       [1933, 2673]]), array([[1711, 2425],
       [1711, 2176],
       [1931, 2177],
       [1932, 2425]]), array([[1711, 2176],
       [1711, 1953],
       [1930, 1953],
       [1931, 2177]])]