Big box:
[array([1167, 2820]), array([1199, 1856]), array([2157, 1887]), array([2134, 2857])]

Small boxes:
[array([[1167, 2820],
       [1175, 2592],
       [1403, 2600],
       [1396, 2829]]), array([[1175, 2592],
       [1183, 2338],
       [1411, 2346],
       [1403, 2600]]), array([[1183, 2338],
       [1191, 2084],
       [1419, 2092],
       [1411, 2346]]), array([[1191, 2084],
       [1199, 1856],
       [1426, 1863],
       [1419, 2092]]), array([[1396, 2829],
       [1403, 2600],
       [1657, 2609],
       [1650, 2838]]), array([[1403, 2600],
       [1411, 2346],
       [1664, 2355],
       [1657, 2609]]), array([[1411, 2346],
       [1419, 2092],
       [1671, 2101],
       [1664, 2355]]), array([[1419, 2092],
       [1426, 1863],
       [1678, 1872],
       [1671, 2101]]), array([[1650, 2838],
       [1657, 2609],
       [1911, 2619],
       [1905, 2848]]), array([[1657, 2609],
       [1664, 2355],
       [1918, 2364],
       [1911, 2619]]), array([[1664, 2355],
       [1671, 2101],
       [1924, 2109],
       [1918, 2364]]), array([[1671, 2101],
       [1678, 1872],
       [1930, 1880],
       [1924, 2109]]), array([[1905, 2848],
       [1911, 2619],
       [2139, 2627],
       [2134, 2857]]), array([[1911, 2619],
       [1918, 2364],
       [2146, 2372],
       [2139, 2627]]), array([[1918, 2364],
       [1924, 2109],
       [2152, 2117],
       [2146, 2372]]), array([[1924, 2109],
       [1930, 1880],
       [2157, 1887],
       [2152, 2117]])]