Big box:
[array([ 950, 3146]), array([1010, 2141]), array([1985, 2181]), array([1948, 3198])]

Small boxes:
[array([[ 950, 3146],
       [ 964, 2908],
       [1199, 2920],
       [1186, 3158]]), array([[ 964, 2908],
       [ 980, 2644],
       [1214, 2654],
       [1199, 2920]]), array([[ 980, 2644],
       [ 996, 2379],
       [1228, 2389],
       [1214, 2654]]), array([[ 996, 2379],
       [1010, 2141],
       [1241, 2150],
       [1228, 2389]]), array([[1186, 3158],
       [1199, 2920],
       [1460, 2933],
       [1449, 3172]]), array([[1199, 2920],
       [1214, 2654],
       [1473, 2666],
       [1460, 2933]]), array([[1214, 2654],
       [1228, 2389],
       [1486, 2400],
       [1473, 2666]]), array([[1228, 2389],
       [1241, 2150],
       [1498, 2161],
       [1486, 2400]]), array([[1449, 3172],
       [1460, 2933],
       [1722, 2945],
       [1712, 3186]]), array([[1460, 2933],
       [1473, 2666],
       [1733, 2679],
       [1722, 2945]]), array([[1473, 2666],
       [1486, 2400],
       [1744, 2412],
       [1733, 2679]]), array([[1486, 2400],
       [1498, 2161],
       [1754, 2172],
       [1744, 2412]]), array([[1712, 3186],
       [1722, 2945],
       [1957, 2957],
       [1948, 3198]]), array([[1722, 2945],
       [1733, 2679],
       [1966, 2690],
       [1957, 2957]]), array([[1733, 2679],
       [1744, 2412],
       [1976, 2422],
       [1966, 2690]]), array([[1744, 2412],
       [1754, 2172],
       [1985, 2181],
       [1976, 2422]])]