Big box:
[array([1102, 1521]), array([2265, 1500]), array([2289, 2661]), array([1124, 2680])]

Small boxes:
[array([[1102, 1521],
       [1377, 1516],
       [1383, 1791],
       [1107, 1796]]), array([[1377, 1516],
       [1684, 1510],
       [1689, 1785],
       [1383, 1791]]), array([[1684, 1510],
       [1990, 1505],
       [1995, 1780],
       [1689, 1785]]), array([[1990, 1505],
       [2265, 1500],
       [2271, 1775],
       [1995, 1780]]), array([[1107, 1796],
       [1383, 1791],
       [1389, 2096],
       [1113, 2100]]), array([[1383, 1791],
       [1689, 1785],
       [1695, 2090],
       [1389, 2096]]), array([[1689, 1785],
       [1995, 1780],
       [2001, 2085],
       [1695, 2090]]), array([[1995, 1780],
       [2271, 1775],
       [2277, 2080],
       [2001, 2085]]), array([[1113, 2100],
       [1389, 2096],
       [1395, 2401],
       [1119, 2406]]), array([[1389, 2096],
       [1695, 2090],
       [1701, 2396],
       [1395, 2401]]), array([[1695, 2090],
       [2001, 2085],
       [2008, 2391],
       [1701, 2396]]), array([[2001, 2085],
       [2277, 2080],
       [2283, 2386],
       [2008, 2391]]), array([[1119, 2406],
       [1395, 2401],
       [1400, 2676],
       [1124, 2680]]), array([[1395, 2401],
       [1701, 2396],
       [1706, 2670],
       [1400, 2676]]), array([[1701, 2396],
       [2008, 2391],
       [2013, 2666],
       [1706, 2670]]), array([[2008, 2391],
       [2283, 2386],
       [2289, 2661],
       [2013, 2666]])]