Big box:
[array([1033, 2940]), array([1097, 1986]), array([2026, 2021]), array([2000, 2993])]

Small boxes:
[array([[1033, 2940],
       [1048, 2714],
       [1275, 2726],
       [1262, 2953]]), array([[1048, 2714],
       [1065, 2463],
       [1290, 2473],
       [1275, 2726]]), array([[1065, 2463],
       [1082, 2212],
       [1304, 2221],
       [1290, 2473]]), array([[1082, 2212],
       [1097, 1986],
       [1317, 1994],
       [1304, 2221]]), array([[1262, 2953],
       [1275, 2726],
       [1527, 2738],
       [1516, 2966]]), array([[1275, 2726],
       [1290, 2473],
       [1539, 2485],
       [1527, 2738]]), array([[1290, 2473],
       [1304, 2221],
       [1551, 2232],
       [1539, 2485]]), array([[1304, 2221],
       [1317, 1994],
       [1562, 2004],
       [1551, 2232]]), array([[1516, 2966],
       [1527, 2738],
       [1779, 2751],
       [1771, 2980]]), array([[1527, 2738],
       [1539, 2485],
       [1788, 2497],
       [1779, 2751]]), array([[1539, 2485],
       [1551, 2232],
       [1798, 2242],
       [1788, 2497]]), array([[1551, 2232],
       [1562, 2004],
       [1806, 2013],
       [1798, 2242]]), array([[1771, 2980],
       [1779, 2751],
       [2006, 2763],
       [2000, 2993]]), array([[1779, 2751],
       [1788, 2497],
       [2013, 2507],
       [2006, 2763]]), array([[1788, 2497],
       [1798, 2242],
       [2020, 2251],
       [2013, 2507]]), array([[1798, 2242],
       [1806, 2013],
       [2026, 2021],
       [2020, 2251]])]