Big box:
[array([1093, 1201]), array([2281, 1184]), array([2277, 2358]), array([1119, 2372])]

Small boxes:
[array([[1093, 1201],
       [1374, 1197],
       [1379, 1474],
       [1099, 1478]]), array([[1374, 1197],
       [1687, 1192],
       [1690, 1470],
       [1379, 1474]]), array([[1687, 1192],
       [2000, 1188],
       [2000, 1466],
       [1690, 1470]]), array([[2000, 1188],
       [2281, 1184],
       [2280, 1462],
       [2000, 1466]]), array([[1099, 1478],
       [1379, 1474],
       [1384, 1783],
       [1106, 1786]]), array([[1379, 1474],
       [1690, 1470],
       [1692, 1779],
       [1384, 1783]]), array([[1690, 1470],
       [2000, 1466],
       [2001, 1775],
       [1692, 1779]]), array([[2000, 1466],
       [2280, 1462],
       [2279, 1771],
       [2001, 1775]]), array([[1106, 1786],
       [1384, 1783],
       [1389, 2091],
       [1113, 2095]]), array([[1384, 1783],
       [1692, 1779],
       [1695, 2087],
       [1389, 2091]]), array([[1692, 1779],
       [2001, 1775],
       [2002, 2083],
       [1695, 2087]]), array([[2001, 1775],
       [2279, 1771],
       [2278, 2080],
       [2002, 2083]]), array([[1113, 2095],
       [1389, 2091],
       [1393, 2369],
       [1119, 2372]]), array([[1389, 2091],
       [1695, 2087],
       [1698, 2365],
       [1393, 2369]]), array([[1695, 2087],
       [2002, 2083],
       [2003, 2361],
       [1698, 2365]]), array([[2002, 2083],
       [2278, 2080],
       [2277, 2358],
       [2003, 2361]])]