Big box:
[array([1003, 1855]), array([1961, 1854]), array([1962, 2813]), array([1001, 2817])]

Small boxes:
[array([[1003, 1855],
       [1230, 1855],
       [1230, 2082],
       [1003, 2083]]), array([[1230, 1855],
       [1482, 1854],
       [1482, 2082],
       [1230, 2082]]), array([[1482, 1854],
       [1734, 1854],
       [1734, 2082],
       [1482, 2082]]), array([[1734, 1854],
       [1961, 1854],
       [1961, 2081],
       [1734, 2082]]), array([[1003, 2083],
       [1230, 2082],
       [1229, 2335],
       [1002, 2336]]), array([[1230, 2082],
       [1482, 2082],
       [1482, 2335],
       [1229, 2335]]), array([[1482, 2082],
       [1734, 2082],
       [1734, 2334],
       [1482, 2335]]), array([[1734, 2082],
       [1961, 2081],
       [1962, 2334],
       [1734, 2334]]), array([[1002, 2336],
       [1229, 2335],
       [1229, 2588],
       [1001, 2589]]), array([[1229, 2335],
       [1482, 2335],
       [1482, 2588],
       [1229, 2588]]), array([[1482, 2335],
       [1734, 2334],
       [1734, 2587],
       [1482, 2588]]), array([[1734, 2334],
       [1962, 2334],
       [1962, 2586],
       [1734, 2587]]), array([[1001, 2589],
       [1229, 2588],
       [1229, 2816],
       [1001, 2817]]), array([[1229, 2588],
       [1482, 2588],
       [1482, 2815],
       [1229, 2816]]), array([[1482, 2588],
       [1734, 2587],
       [1734, 2814],
       [1482, 2815]]), array([[1734, 2587],
       [1962, 2586],
       [1962, 2813],
       [1734, 2814]])]