Big box:
[array([ 821, 3174]), array([ 863, 2091]), array([1938, 2123]), array([1906, 3209])]

Small boxes:
[array([[ 821, 3174],
       [ 831, 2918],
       [1087, 2926],
       [1078, 3182]]), array([[ 831, 2918],
       [ 842, 2632],
       [1098, 2640],
       [1087, 2926]]), array([[ 842, 2632],
       [ 853, 2348],
       [1108, 2355],
       [1098, 2640]]), array([[ 853, 2348],
       [ 863, 2091],
       [1118, 2099],
       [1108, 2355]]), array([[1078, 3182],
       [1087, 2926],
       [1372, 2935],
       [1364, 3192]]), array([[1087, 2926],
       [1098, 2640],
       [1382, 2649],
       [1372, 2935]]), array([[1098, 2640],
       [1108, 2355],
       [1392, 2364],
       [1382, 2649]]), array([[1108, 2355],
       [1118, 2099],
       [1400, 2107],
       [1392, 2364]]), array([[1364, 3192],
       [1372, 2935],
       [1657, 2944],
       [1649, 3201]]), array([[1372, 2935],
       [1382, 2649],
       [1666, 2658],
       [1657, 2944]]), array([[1382, 2649],
       [1392, 2364],
       [1675, 2372],
       [1666, 2658]]), array([[1392, 2364],
       [1400, 2107],
       [1683, 2115],
       [1675, 2372]]), array([[1649, 3201],
       [1657, 2944],
       [1914, 2952],
       [1906, 3209]]), array([[1657, 2944],
       [1666, 2658],
       [1922, 2666],
       [1914, 2952]]), array([[1666, 2658],
       [1675, 2372],
       [1930, 2380],
       [1922, 2666]]), array([[1675, 2372],
       [1683, 2115],
       [1938, 2123],
       [1930, 2380]])]