Big box:
[array([1057, 2991]), array([1073, 2017]), array([2026, 2015]), array([2042, 2996])]

Small boxes:
[array([[1057, 2991],
       [1061, 2760],
       [1292, 2761],
       [1290, 2992]]), array([[1061, 2760],
       [1065, 2504],
       [1294, 2504],
       [1292, 2761]]), array([[1065, 2504],
       [1069, 2248],
       [1297, 2248],
       [1294, 2504]]), array([[1069, 2248],
       [1073, 2017],
       [1299, 2017],
       [1297, 2248]]), array([[1290, 2992],
       [1292, 2761],
       [1550, 2762],
       [1550, 2994]]), array([[1292, 2761],
       [1294, 2504],
       [1550, 2505],
       [1550, 2762]]), array([[1294, 2504],
       [1297, 2248],
       [1550, 2248],
       [1550, 2505]]), array([[1297, 2248],
       [1299, 2017],
       [1550, 2016],
       [1550, 2248]]), array([[1550, 2994],
       [1550, 2762],
       [1807, 2763],
       [1809, 2995]]), array([[1550, 2762],
       [1550, 2505],
       [1804, 2505],
       [1807, 2763]]), array([[1550, 2505],
       [1550, 2248],
       [1802, 2247],
       [1804, 2505]]), array([[1550, 2248],
       [1550, 2016],
       [1800, 2015],
       [1802, 2247]]), array([[1809, 2995],
       [1807, 2763],
       [2038, 2764],
       [2042, 2996]]), array([[1807, 2763],
       [1804, 2505],
       [2034, 2506],
       [2038, 2764]]), array([[1804, 2505],
       [1802, 2247],
       [2030, 2247],
       [2034, 2506]]), array([[1802, 2247],
       [1800, 2015],
       [2026, 2015],
       [2030, 2247]])]