Big box:
[array([1066, 1339]), array([2246, 1312]), array([2264, 2505]), array([1080, 2514])]

Small boxes:
[array([[1066, 1339],
       [1345, 1333],
       [1349, 1612],
       [1069, 1617]]), array([[1345, 1333],
       [1656, 1326],
       [1660, 1606],
       [1349, 1612]]), array([[1656, 1326],
       [1967, 1318],
       [1971, 1600],
       [1660, 1606]]), array([[1967, 1318],
       [2246, 1312],
       [2250, 1595],
       [1971, 1600]]), array([[1069, 1617],
       [1349, 1612],
       [1353, 1922],
       [1073, 1926]]), array([[1349, 1612],
       [1660, 1606],
       [1664, 1918],
       [1353, 1922]]), array([[1660, 1606],
       [1971, 1600],
       [1975, 1913],
       [1664, 1918]]), array([[1971, 1600],
       [2250, 1595],
       [2255, 1908],
       [1975, 1913]]), array([[1073, 1926],
       [1353, 1922],
       [1357, 2233],
       [1077, 2236]]), array([[1353, 1922],
       [1664, 1918],
       [1668, 2229],
       [1357, 2233]]), array([[1664, 1918],
       [1975, 1913],
       [1980, 2226],
       [1668, 2229]]), array([[1975, 1913],
       [2255, 1908],
       [2260, 2222],
       [1980, 2226]]), array([[1077, 2236],
       [1357, 2233],
       [1360, 2512],
       [1080, 2514]]), array([[1357, 2233],
       [1668, 2229],
       [1672, 2510],
       [1360, 2512]]), array([[1668, 2229],
       [1980, 2226],
       [1984, 2507],
       [1672, 2510]]), array([[1980, 2226],
       [2260, 2222],
       [2264, 2505],
       [1984, 2507]])]