Big box:
[array([1059, 1933]), array([1985, 1957]), array([1973, 2891]), array([1032, 2882])]

Small boxes:
[array([[1059, 1933],
       [1278, 1939],
       [1273, 2163],
       [1053, 2158]]), array([[1278, 1939],
       [1522, 1945],
       [1517, 2168],
       [1273, 2163]]), array([[1522, 1945],
       [1766, 1951],
       [1762, 2173],
       [1517, 2168]]), array([[1766, 1951],
       [1985, 1957],
       [1982, 2178],
       [1762, 2173]]), array([[1053, 2158],
       [1273, 2163],
       [1267, 2411],
       [1046, 2408]]), array([[1273, 2163],
       [1517, 2168],
       [1512, 2416],
       [1267, 2411]]), array([[1517, 2168],
       [1762, 2173],
       [1758, 2420],
       [1512, 2416]]), array([[1762, 2173],
       [1982, 2178],
       [1979, 2424],
       [1758, 2420]]), array([[1046, 2408],
       [1267, 2411],
       [1260, 2660],
       [1038, 2657]]), array([[1267, 2411],
       [1512, 2416],
       [1507, 2664],
       [1260, 2660]]), array([[1512, 2416],
       [1758, 2420],
       [1754, 2667],
       [1507, 2664]]), array([[1758, 2420],
       [1979, 2424],
       [1976, 2670],
       [1754, 2667]]), array([[1038, 2657],
       [1260, 2660],
       [1255, 2884],
       [1032, 2882]]), array([[1260, 2660],
       [1507, 2664],
       [1502, 2886],
       [1255, 2884]]), array([[1507, 2664],
       [1754, 2667],
       [1750, 2889],
       [1502, 2886]]), array([[1754, 2667],
       [1976, 2670],
       [1973, 2891],
       [1750, 2889]])]