Big box:
[array([1033, 3028]), array([1066, 2040]), array([2032, 2054]), array([2026, 3054])]

Small boxes:
[array([[1033, 3028],
       [1041, 2794],
       [1274, 2799],
       [1268, 3034]]), array([[1041, 2794],
       [1050, 2534],
       [1281, 2539],
       [1274, 2799]]), array([[1050, 2534],
       [1058, 2274],
       [1288, 2278],
       [1281, 2539]]), array([[1058, 2274],
       [1066, 2040],
       [1295, 2043],
       [1288, 2278]]), array([[1268, 3034],
       [1274, 2799],
       [1534, 2806],
       [1530, 3041]]), array([[1274, 2799],
       [1281, 2539],
       [1539, 2544],
       [1534, 2806]]), array([[1281, 2539],
       [1288, 2278],
       [1544, 2282],
       [1539, 2544]]), array([[1288, 2278],
       [1295, 2043],
       [1549, 2047],
       [1544, 2282]]), array([[1530, 3041],
       [1534, 2806],
       [1794, 2812],
       [1791, 3048]]), array([[1534, 2806],
       [1539, 2544],
       [1797, 2549],
       [1794, 2812]]), array([[1539, 2544],
       [1544, 2282],
       [1800, 2287],
       [1797, 2549]]), array([[1544, 2282],
       [1549, 2047],
       [1803, 2051],
       [1800, 2287]]), array([[1791, 3048],
       [1794, 2812],
       [2027, 2817],
       [2026, 3054]]), array([[1794, 2812],
       [1797, 2549],
       [2029, 2554],
       [2027, 2817]]), array([[1797, 2549],
       [1800, 2287],
       [2031, 2291],
       [2029, 2554]]), array([[1800, 2287],
       [1803, 2051],
       [2032, 2054],
       [2031, 2291]])]