Big box:
[array([1096, 2798]), array([1127, 1824]), array([2100, 1848]), array([2072, 2834])]

Small boxes:
[array([[1096, 2798],
       [1103, 2567],
       [1334, 2575],
       [1327, 2807]]), array([[1103, 2567],
       [1112, 2311],
       [1342, 2318],
       [1334, 2575]]), array([[1112, 2311],
       [1120, 2055],
       [1350, 2061],
       [1342, 2318]]), array([[1120, 2055],
       [1127, 1824],
       [1357, 1830],
       [1350, 2061]]), array([[1327, 2807],
       [1334, 2575],
       [1591, 2584],
       [1584, 2816]]), array([[1334, 2575],
       [1342, 2318],
       [1599, 2326],
       [1591, 2584]]), array([[1342, 2318],
       [1350, 2061],
       [1607, 2068],
       [1599, 2326]]), array([[1350, 2061],
       [1357, 1830],
       [1614, 1836],
       [1607, 2068]]), array([[1584, 2816],
       [1591, 2584],
       [1848, 2593],
       [1841, 2825]]), array([[1591, 2584],
       [1599, 2326],
       [1855, 2334],
       [1848, 2593]]), array([[1599, 2326],
       [1607, 2068],
       [1863, 2075],
       [1855, 2334]]), array([[1607, 2068],
       [1614, 1836],
       [1870, 1842],
       [1863, 2075]]), array([[1841, 2825],
       [1848, 2593],
       [2079, 2600],
       [2072, 2834]]), array([[1848, 2593],
       [1855, 2334],
       [2086, 2341],
       [2079, 2600]]), array([[1855, 2334],
       [1863, 2075],
       [2093, 2082],
       [2086, 2341]]), array([[1863, 2075],
       [1870, 1842],
       [2100, 1848],
       [2093, 2082]])]