Big box:
[array([ 880, 2733]), array([ 938, 1762]), array([1908, 1804]), array([1863, 2785])]

Small boxes:
[array([[ 880, 2733],
       [ 894, 2503],
       [1126, 2515],
       [1113, 2745]]), array([[ 894, 2503],
       [ 909, 2248],
       [1140, 2259],
       [1126, 2515]]), array([[ 909, 2248],
       [ 924, 1992],
       [1155, 2002],
       [1140, 2259]]), array([[ 924, 1992],
       [ 938, 1762],
       [1168, 1772],
       [1155, 2002]]), array([[1113, 2745],
       [1126, 2515],
       [1384, 2528],
       [1372, 2759]]), array([[1126, 2515],
       [1140, 2259],
       [1397, 2271],
       [1384, 2528]]), array([[1140, 2259],
       [1155, 2002],
       [1411, 2014],
       [1397, 2271]]), array([[1155, 2002],
       [1168, 1772],
       [1423, 1783],
       [1411, 2014]]), array([[1372, 2759],
       [1384, 2528],
       [1642, 2541],
       [1630, 2773]]), array([[1384, 2528],
       [1397, 2271],
       [1654, 2283],
       [1642, 2541]]), array([[1397, 2271],
       [1411, 2014],
       [1667, 2026],
       [1654, 2283]]), array([[1411, 2014],
       [1423, 1783],
       [1678, 1794],
       [1667, 2026]]), array([[1630, 2773],
       [1642, 2541],
       [1874, 2553],
       [1863, 2785]]), array([[1642, 2541],
       [1654, 2283],
       [1886, 2294],
       [1874, 2553]]), array([[1654, 2283],
       [1667, 2026],
       [1897, 2036],
       [1886, 2294]]), array([[1667, 2026],
       [1678, 1794],
       [1908, 1804],
       [1897, 2036]])]