Big box:
[array([1237, 1323]), array([2369, 1285]), array([2381, 2420]), array([1263, 2434])]

Small boxes:
[array([[1237, 1323],
       [1505, 1314],
       [1510, 1578],
       [1243, 1586]]), array([[1505, 1314],
       [1803, 1304],
       [1808, 1570],
       [1510, 1578]]), array([[1803, 1304],
       [2101, 1294],
       [2105, 1561],
       [1808, 1570]]), array([[2101, 1294],
       [2369, 1285],
       [2372, 1554],
       [2105, 1561]]), array([[1243, 1586],
       [1510, 1578],
       [1516, 1872],
       [1250, 1878]]), array([[1510, 1578],
       [1808, 1570],
       [1812, 1866],
       [1516, 1872]]), array([[1808, 1570],
       [2105, 1561],
       [2109, 1859],
       [1812, 1866]]), array([[2105, 1561],
       [2372, 1554],
       [2375, 1852],
       [2109, 1859]]), array([[1250, 1878],
       [1516, 1872],
       [1522, 2166],
       [1257, 2171]]), array([[1516, 1872],
       [1812, 1866],
       [1818, 2161],
       [1522, 2166]]), array([[1812, 1866],
       [2109, 1859],
       [2113, 2156],
       [1818, 2161]]), array([[2109, 1859],
       [2375, 1852],
       [2378, 2151],
       [2113, 2156]]), array([[1257, 2171],
       [1522, 2166],
       [1528, 2431],
       [1263, 2434]]), array([[1522, 2166],
       [1818, 2161],
       [1822, 2427],
       [1528, 2431]]), array([[1818, 2161],
       [2113, 2156],
       [2116, 2423],
       [1822, 2427]]), array([[2113, 2156],
       [2378, 2151],
       [2381, 2420],
       [2116, 2423]])]