Big box:
[array([ 912, 2699]), array([ 941, 1462]), array([2177, 1492]), array([2153, 2722])]

Small boxes:
[array([[ 912, 2699],
       [ 919, 2406],
       [1213, 2412],
       [1206, 2704]]), array([[ 919, 2406],
       [ 926, 2080],
       [1220, 2087],
       [1213, 2412]]), array([[ 926, 2080],
       [ 934, 1755],
       [1227, 1762],
       [1220, 2087]]), array([[ 934, 1755],
       [ 941, 1462],
       [1234, 1469],
       [1227, 1762]]), array([[1206, 2704],
       [1213, 2412],
       [1539, 2418],
       [1532, 2710]]), array([[1213, 2412],
       [1220, 2087],
       [1546, 2094],
       [1539, 2418]]), array([[1220, 2087],
       [1227, 1762],
       [1553, 1769],
       [1546, 2094]]), array([[1227, 1762],
       [1234, 1469],
       [1559, 1477],
       [1553, 1769]]), array([[1532, 2710],
       [1539, 2418],
       [1865, 2425],
       [1859, 2717]]), array([[1539, 2418],
       [1546, 2094],
       [1872, 2101],
       [1865, 2425]]), array([[1546, 2094],
       [1553, 1769],
       [1878, 1777],
       [1872, 2101]]), array([[1553, 1769],
       [1559, 1477],
       [1884, 1485],
       [1878, 1777]]), array([[1859, 2717],
       [1865, 2425],
       [2159, 2431],
       [2153, 2722]]), array([[1865, 2425],
       [1872, 2101],
       [2165, 2107],
       [2159, 2431]]), array([[1872, 2101],
       [1878, 1777],
       [2171, 1783],
       [2165, 2107]]), array([[1878, 1777],
       [1884, 1485],
       [2177, 1492],
       [2171, 1783]])]