Big box:
[array([1073, 1830]), array([2070, 1831]), array([2078, 2840]), array([1063, 2840])]

Small boxes:
[array([[1073, 1830],
       [1309, 1830],
       [1308, 2069],
       [1071, 2069]]), array([[1309, 1830],
       [1572, 1830],
       [1571, 2070],
       [1308, 2069]]), array([[1572, 1830],
       [1834, 1831],
       [1835, 2070],
       [1571, 2070]]), array([[1834, 1831],
       [2070, 1831],
       [2072, 2070],
       [1835, 2070]]), array([[1071, 2069],
       [1308, 2069],
       [1306, 2335],
       [1068, 2335]]), array([[1308, 2069],
       [1571, 2070],
       [1571, 2335],
       [1306, 2335]]), array([[1571, 2070],
       [1835, 2070],
       [1836, 2335],
       [1571, 2335]]), array([[1835, 2070],
       [2072, 2070],
       [2074, 2336],
       [1836, 2335]]), array([[1068, 2335],
       [1306, 2335],
       [1305, 2601],
       [1065, 2601]]), array([[1306, 2335],
       [1571, 2335],
       [1571, 2601],
       [1305, 2601]]), array([[1571, 2335],
       [1836, 2335],
       [1837, 2601],
       [1571, 2601]]), array([[1836, 2335],
       [2074, 2336],
       [2076, 2601],
       [1837, 2601]]), array([[1065, 2601],
       [1305, 2601],
       [1303, 2840],
       [1063, 2840]]), array([[1305, 2601],
       [1571, 2601],
       [1570, 2840],
       [1303, 2840]]), array([[1571, 2601],
       [1837, 2601],
       [1838, 2840],
       [1570, 2840]]), array([[1837, 2601],
       [2076, 2601],
       [2078, 2840],
       [1838, 2840]])]