Big box:
[array([1158, 1342]), array([2286, 1288]), array([2325, 2416]), array([1209, 2458])]

Small boxes:
[array([[1158, 1342],
       [1425, 1329],
       [1437, 1594],
       [1170, 1606]]), array([[1425, 1329],
       [1722, 1315],
       [1733, 1581],
       [1437, 1594]]), array([[1722, 1315],
       [2019, 1301],
       [2029, 1567],
       [1733, 1581]]), array([[2019, 1301],
       [2286, 1288],
       [2295, 1555],
       [2029, 1567]]), array([[1170, 1606],
       [1437, 1594],
       [1449, 1889],
       [1184, 1900]]), array([[1437, 1594],
       [1733, 1581],
       [1744, 1876],
       [1449, 1889]]), array([[1733, 1581],
       [2029, 1567],
       [2040, 1863],
       [1744, 1876]]), array([[2029, 1567],
       [2295, 1555],
       [2306, 1852],
       [2040, 1863]]), array([[1184, 1900],
       [1449, 1889],
       [1462, 2183],
       [1197, 2194]]), array([[1449, 1889],
       [1744, 1876],
       [1756, 2171],
       [1462, 2183]]), array([[1744, 1876],
       [2040, 1863],
       [2051, 2159],
       [1756, 2171]]), array([[2040, 1863],
       [2306, 1852],
       [2316, 2149],
       [2051, 2159]]), array([[1197, 2194],
       [1462, 2183],
       [1473, 2448],
       [1209, 2458]]), array([[1462, 2183],
       [1756, 2171],
       [1767, 2437],
       [1473, 2448]]), array([[1756, 2171],
       [2051, 2159],
       [2061, 2426],
       [1767, 2437]]), array([[2051, 2159],
       [2316, 2149],
       [2325, 2416],
       [2061, 2426]])]