Big box:
[array([ 912, 2715]), array([ 940, 1566]), array([2086, 1591]), array([2058, 2740])]

Small boxes:
[array([[ 912, 2715],
       [ 919, 2443],
       [1190, 2449],
       [1183, 2721]]), array([[ 919, 2443],
       [ 926, 2140],
       [1197, 2146],
       [1190, 2449]]), array([[ 926, 2140],
       [ 933, 1838],
       [1205, 1844],
       [1197, 2146]]), array([[ 933, 1838],
       [ 940, 1566],
       [1211, 1572],
       [1205, 1844]]), array([[1183, 2721],
       [1190, 2449],
       [1492, 2455],
       [1485, 2728]]), array([[1190, 2449],
       [1197, 2146],
       [1499, 2153],
       [1492, 2455]]), array([[1197, 2146],
       [1205, 1844],
       [1506, 1851],
       [1499, 2153]]), array([[1205, 1844],
       [1211, 1572],
       [1513, 1578],
       [1506, 1851]]), array([[1485, 2728],
       [1492, 2455],
       [1793, 2462],
       [1787, 2734]]), array([[1492, 2455],
       [1499, 2153],
       [1801, 2160],
       [1793, 2462]]), array([[1499, 2153],
       [1506, 1851],
       [1808, 1857],
       [1801, 2160]]), array([[1506, 1851],
       [1513, 1578],
       [1815, 1585],
       [1808, 1857]]), array([[1787, 2734],
       [1793, 2462],
       [2065, 2468],
       [2058, 2740]]), array([[1793, 2462],
       [1801, 2160],
       [2072, 2166],
       [2065, 2468]]), array([[1801, 2160],
       [1808, 1857],
       [2079, 1863],
       [2072, 2166]]), array([[1808, 1857],
       [1815, 1585],
       [2086, 1591],
       [2079, 1863]])]