Big box:
[array([ 833, 2678]), array([ 864, 1445]), array([2099, 1473]), array([2074, 2705])]

Small boxes:
[array([[ 833, 2678],
       [ 840, 2386],
       [1134, 2392],
       [1127, 2684]]), array([[ 840, 2386],
       [ 848, 2062],
       [1142, 2068],
       [1134, 2392]]), array([[ 848, 2062],
       [ 857, 1737],
       [1149, 1744],
       [1142, 2068]]), array([[ 857, 1737],
       [ 864, 1445],
       [1156, 1452],
       [1149, 1744]]), array([[1127, 2684],
       [1134, 2392],
       [1460, 2400],
       [1454, 2692]]), array([[1134, 2392],
       [1142, 2068],
       [1468, 2075],
       [1460, 2400]]), array([[1142, 2068],
       [1149, 1744],
       [1475, 1751],
       [1468, 2075]]), array([[1149, 1744],
       [1156, 1452],
       [1482, 1459],
       [1475, 1751]]), array([[1454, 2692],
       [1460, 2400],
       [1786, 2407],
       [1780, 2699]]), array([[1460, 2400],
       [1468, 2075],
       [1793, 2082],
       [1786, 2407]]), array([[1468, 2075],
       [1475, 1751],
       [1800, 1758],
       [1793, 2082]]), array([[1475, 1751],
       [1482, 1459],
       [1806, 1466],
       [1800, 1758]]), array([[1780, 2699],
       [1786, 2407],
       [2080, 2413],
       [2074, 2705]]), array([[1786, 2407],
       [1793, 2082],
       [2086, 2089],
       [2080, 2413]]), array([[1793, 2082],
       [1800, 1758],
       [2093, 1765],
       [2086, 2089]]), array([[1800, 1758],
       [1806, 1466],
       [2099, 1473],
       [2093, 1765]])]