Big box:
[array([1001, 2791]), array([1008, 1845]), array([1943, 1849]), array([1945, 2788])]

Small boxes:
[array([[1001, 2791],
       [1003, 2567],
       [1226, 2567],
       [1225, 2790]]), array([[1003, 2567],
       [1004, 2318],
       [1227, 2318],
       [1226, 2567]]), array([[1004, 2318],
       [1006, 2069],
       [1228, 2070],
       [1227, 2318]]), array([[1006, 2069],
       [1008, 1845],
       [1229, 1846],
       [1228, 2070]]), array([[1225, 2790],
       [1226, 2567],
       [1474, 2566],
       [1473, 2790]]), array([[1226, 2567],
       [1227, 2318],
       [1474, 2318],
       [1474, 2566]]), array([[1227, 2318],
       [1228, 2070],
       [1475, 2070],
       [1474, 2318]]), array([[1228, 2070],
       [1229, 1846],
       [1476, 1847],
       [1475, 2070]]), array([[1473, 2790],
       [1474, 2566],
       [1721, 2566],
       [1721, 2789]]), array([[1474, 2566],
       [1474, 2318],
       [1721, 2318],
       [1721, 2566]]), array([[1474, 2318],
       [1475, 2070],
       [1722, 2071],
       [1721, 2318]]), array([[1475, 2070],
       [1476, 1847],
       [1722, 1848],
       [1722, 2071]]), array([[1721, 2789],
       [1721, 2566],
       [1945, 2566],
       [1945, 2788]]), array([[1721, 2566],
       [1721, 2318],
       [1944, 2318],
       [1945, 2566]]), array([[1721, 2318],
       [1722, 2071],
       [1943, 2071],
       [1944, 2318]]), array([[1722, 2071],
       [1722, 1848],
       [1943, 1849],
       [1943, 2071]])]