Big box:
[array([ 725, 2879]), array([ 775, 1907]), array([1726, 1939]), array([1700, 2902])]

Small boxes:
[array([[ 725, 2879],
       [ 737, 2649],
       [ 966, 2655],
       [ 956, 2884]]), array([[ 737, 2649],
       [ 750, 2393],
       [ 978, 2400],
       [ 966, 2655]]), array([[ 750, 2393],
       [ 763, 2137],
       [ 990, 2144],
       [ 978, 2400]]), array([[ 763, 2137],
       [ 775, 1907],
       [1000, 1915],
       [ 990, 2144]]), array([[ 956, 2884],
       [ 966, 2655],
       [1222, 2661],
       [1212, 2890]]), array([[ 966, 2655],
       [ 978, 2400],
       [1232, 2407],
       [1222, 2661]]), array([[ 978, 2400],
       [ 990, 2144],
       [1242, 2152],
       [1232, 2407]]), array([[ 990, 2144],
       [1000, 1915],
       [1250, 1923],
       [1242, 2152]]), array([[1212, 2890],
       [1222, 2661],
       [1477, 2668],
       [1469, 2897]]), array([[1222, 2661],
       [1232, 2407],
       [1485, 2414],
       [1477, 2668]]), array([[1232, 2407],
       [1242, 2152],
       [1493, 2160],
       [1485, 2414]]), array([[1242, 2152],
       [1250, 1923],
       [1501, 1931],
       [1493, 2160]]), array([[1469, 2897],
       [1477, 2668],
       [1706, 2674],
       [1700, 2902]]), array([[1477, 2668],
       [1485, 2414],
       [1713, 2420],
       [1706, 2674]]), array([[1485, 2414],
       [1493, 2160],
       [1720, 2167],
       [1713, 2420]]), array([[1493, 2160],
       [1501, 1931],
       [1726, 1939],
       [1720, 2167]])]