Big box:
[array([ 836, 2789]), array([ 881, 1781]), array([1873, 1820]), array([1843, 2810])]

Small boxes:
[array([[ 836, 2789],
       [ 847, 2550],
       [1084, 2556],
       [1074, 2794]]), array([[ 847, 2550],
       [ 858, 2285],
       [1095, 2292],
       [1084, 2556]]), array([[ 858, 2285],
       [ 870, 2020],
       [1106, 2028],
       [1095, 2292]]), array([[ 870, 2020],
       [ 881, 1781],
       [1116, 1790],
       [1106, 2028]]), array([[1074, 2794],
       [1084, 2556],
       [1348, 2563],
       [1340, 2800]]), array([[1084, 2556],
       [1095, 2292],
       [1358, 2300],
       [1348, 2563]]), array([[1095, 2292],
       [1106, 2028],
       [1368, 2037],
       [1358, 2300]]), array([[1106, 2028],
       [1116, 1790],
       [1377, 1800],
       [1368, 2037]]), array([[1340, 2800],
       [1348, 2563],
       [1612, 2570],
       [1604, 2805]]), array([[1348, 2563],
       [1358, 2300],
       [1621, 2308],
       [1612, 2570]]), array([[1358, 2300],
       [1368, 2037],
       [1630, 2046],
       [1621, 2308]]), array([[1368, 2037],
       [1377, 1800],
       [1638, 1811],
       [1630, 2046]]), array([[1604, 2805],
       [1612, 2570],
       [1850, 2576],
       [1843, 2810]]), array([[1612, 2570],
       [1621, 2308],
       [1858, 2315],
       [1850, 2576]]), array([[1621, 2308],
       [1630, 2046],
       [1866, 2054],
       [1858, 2315]]), array([[1630, 2046],
       [1638, 1811],
       [1873, 1820],
       [1866, 2054]])]