Big box:
[array([1270, 1600]), array([2390, 1561]), array([2426, 2694]), array([1297, 2710])]

Small boxes:
[array([[1270, 1600],
       [1535, 1591],
       [1542, 1855],
       [1276, 1863]]), array([[1535, 1591],
       [1830, 1580],
       [1837, 1846],
       [1542, 1855]]), array([[1830, 1580],
       [2125, 1570],
       [2133, 1837],
       [1837, 1846]]), array([[2125, 1570],
       [2390, 1561],
       [2399, 1829],
       [2133, 1837]]), array([[1276, 1863],
       [1542, 1855],
       [1550, 2148],
       [1284, 2155]]), array([[1542, 1855],
       [1837, 1846],
       [1846, 2141],
       [1550, 2148]]), array([[1837, 1846],
       [2133, 1837],
       [2142, 2134],
       [1846, 2141]]), array([[2133, 1837],
       [2399, 1829],
       [2408, 2128],
       [2142, 2134]]), array([[1284, 2155],
       [1550, 2148],
       [1557, 2442],
       [1291, 2447]]), array([[1550, 2148],
       [1846, 2141],
       [1854, 2436],
       [1557, 2442]]), array([[1846, 2141],
       [2142, 2134],
       [2151, 2431],
       [1854, 2436]]), array([[2142, 2134],
       [2408, 2128],
       [2417, 2426],
       [2151, 2431]]), array([[1291, 2447],
       [1557, 2442],
       [1564, 2706],
       [1297, 2710]]), array([[1557, 2442],
       [1854, 2436],
       [1862, 2702],
       [1564, 2706]]), array([[1854, 2436],
       [2151, 2431],
       [2159, 2698],
       [1862, 2702]]), array([[2151, 2431],
       [2417, 2426],
       [2426, 2694],
       [2159, 2698]])]