Big box:
[array([ 841, 1125]), array([2031, 1107]), array([2043, 2299]), array([ 868, 2314])]

Small boxes:
[array([[ 841, 1125],
       [1123, 1121],
       [1128, 1403],
       [ 847, 1407]]), array([[1123, 1121],
       [1436, 1116],
       [1441, 1398],
       [1128, 1403]]), array([[1436, 1116],
       [1749, 1111],
       [1753, 1393],
       [1441, 1398]]), array([[1749, 1111],
       [2031, 1107],
       [2034, 1389],
       [1753, 1393]]), array([[ 847, 1407],
       [1128, 1403],
       [1135, 1716],
       [ 854, 1720]]), array([[1128, 1403],
       [1441, 1398],
       [1446, 1711],
       [1135, 1716]]), array([[1441, 1398],
       [1753, 1393],
       [1757, 1707],
       [1446, 1711]]), array([[1753, 1393],
       [2034, 1389],
       [2037, 1703],
       [1757, 1707]]), array([[ 854, 1720],
       [1135, 1716],
       [1141, 2029],
       [ 862, 2032]]), array([[1135, 1716],
       [1446, 1711],
       [1451, 2025],
       [1141, 2029]]), array([[1446, 1711],
       [1757, 1707],
       [1761, 2020],
       [1451, 2025]]), array([[1757, 1707],
       [2037, 1703],
       [2040, 2017],
       [1761, 2020]]), array([[ 862, 2032],
       [1141, 2029],
       [1146, 2310],
       [ 868, 2314]]), array([[1141, 2029],
       [1451, 2025],
       [1456, 2306],
       [1146, 2310]]), array([[1451, 2025],
       [1761, 2020],
       [1765, 2303],
       [1456, 2306]]), array([[1761, 2020],
       [2040, 2017],
       [2043, 2299],
       [1765, 2303]])]