Big box:
[array([ 910, 1600]), array([2077, 1585]), array([2095, 2757]), array([ 918, 2766])]

Small boxes:
[array([[ 910, 1600],
       [1186, 1596],
       [1189, 1873],
       [ 912, 1876]]), array([[1186, 1596],
       [1494, 1592],
       [1497, 1869],
       [1189, 1873]]), array([[1494, 1592],
       [1801, 1589],
       [1804, 1866],
       [1497, 1869]]), array([[1801, 1589],
       [2077, 1585],
       [2081, 1863],
       [1804, 1866]]), array([[ 912, 1876],
       [1189, 1873],
       [1192, 2180],
       [ 914, 2183]]), array([[1189, 1873],
       [1497, 1869],
       [1500, 2177],
       [1192, 2180]]), array([[1497, 1869],
       [1804, 1866],
       [1808, 2174],
       [1500, 2177]]), array([[1804, 1866],
       [2081, 1863],
       [2086, 2171],
       [1808, 2174]]), array([[ 914, 2183],
       [1192, 2180],
       [1194, 2487],
       [ 916, 2490]]), array([[1192, 2180],
       [1500, 2177],
       [1503, 2485],
       [1194, 2487]]), array([[1500, 2177],
       [1808, 2174],
       [1813, 2482],
       [1503, 2485]]), array([[1808, 2174],
       [2086, 2171],
       [2091, 2479],
       [1813, 2482]]), array([[ 916, 2490],
       [1194, 2487],
       [1197, 2764],
       [ 918, 2766]]), array([[1194, 2487],
       [1503, 2485],
       [1506, 2762],
       [1197, 2764]]), array([[1503, 2485],
       [1813, 2482],
       [1816, 2759],
       [1506, 2762]]), array([[1813, 2482],
       [2091, 2479],
       [2095, 2757],
       [1816, 2759]])]