Big box:
[array([1072, 3062]), array([1141, 2102]), array([2072, 2157]), array([2036, 3117])]

Small boxes:
[array([[1072, 3062],
       [1088, 2835],
       [1315, 2848],
       [1300, 3075]]), array([[1088, 2835],
       [1106, 2582],
       [1331, 2595],
       [1315, 2848]]), array([[1106, 2582],
       [1125, 2329],
       [1347, 2342],
       [1331, 2595]]), array([[1125, 2329],
       [1141, 2102],
       [1362, 2115],
       [1347, 2342]]), array([[1300, 3075],
       [1315, 2848],
       [1566, 2862],
       [1554, 3090]]), array([[1315, 2848],
       [1331, 2595],
       [1580, 2610],
       [1566, 2862]]), array([[1331, 2595],
       [1347, 2342],
       [1594, 2357],
       [1580, 2610]]), array([[1347, 2342],
       [1362, 2115],
       [1606, 2130],
       [1594, 2357]]), array([[1554, 3090],
       [1566, 2862],
       [1818, 2877],
       [1808, 3104]]), array([[1566, 2862],
       [1580, 2610],
       [1830, 2624],
       [1818, 2877]]), array([[1580, 2610],
       [1594, 2357],
       [1841, 2371],
       [1830, 2624]]), array([[1594, 2357],
       [1606, 2130],
       [1852, 2144],
       [1841, 2371]]), array([[1808, 3104],
       [1818, 2877],
       [2045, 2890],
       [2036, 3117]]), array([[1818, 2877],
       [1830, 2624],
       [2054, 2637],
       [2045, 2890]]), array([[1830, 2624],
       [1841, 2371],
       [2063, 2384],
       [2054, 2637]]), array([[1841, 2371],
       [1852, 2144],
       [2072, 2157],
       [2063, 2384]])]