Big box:
[array([1014, 2805]), array([1057, 1841]), array([2007, 1871]), array([1991, 2835])]

Small boxes:
[array([[1014, 2805],
       [1024, 2577],
       [1254, 2584],
       [1245, 2812]]), array([[1024, 2577],
       [1036, 2323],
       [1264, 2330],
       [1254, 2584]]), array([[1036, 2323],
       [1047, 2069],
       [1273, 2076],
       [1264, 2330]]), array([[1047, 2069],
       [1057, 1841],
       [1282, 1848],
       [1273, 2076]]), array([[1245, 2812],
       [1254, 2584],
       [1509, 2592],
       [1502, 2820]]), array([[1254, 2584],
       [1264, 2330],
       [1517, 2338],
       [1509, 2592]]), array([[1264, 2330],
       [1273, 2076],
       [1525, 2084],
       [1517, 2338]]), array([[1273, 2076],
       [1282, 1848],
       [1532, 1856],
       [1525, 2084]]), array([[1502, 2820],
       [1509, 2592],
       [1765, 2600],
       [1760, 2828]]), array([[1509, 2592],
       [1517, 2338],
       [1771, 2346],
       [1765, 2600]]), array([[1517, 2338],
       [1525, 2084],
       [1777, 2092],
       [1771, 2346]]), array([[1525, 2084],
       [1532, 1856],
       [1782, 1864],
       [1777, 2092]]), array([[1760, 2828],
       [1765, 2600],
       [1995, 2607],
       [1991, 2835]]), array([[1765, 2600],
       [1771, 2346],
       [1999, 2353],
       [1995, 2607]]), array([[1771, 2346],
       [1777, 2092],
       [2003, 2099],
       [1999, 2353]]), array([[1777, 2092],
       [1782, 1864],
       [2007, 1871],
       [2003, 2099]])]