Big box:
[array([1041, 1820]), array([2213, 1805]), array([2241, 3001]), array([1045, 3007])]

Small boxes:
[array([[1041, 1820],
       [1319, 1816],
       [1321, 2098],
       [1042, 2101]]), array([[1319, 1816],
       [1627, 1812],
       [1631, 2095],
       [1321, 2098]]), array([[1627, 1812],
       [1935, 1809],
       [1941, 2091],
       [1631, 2095]]), array([[1935, 1809],
       [2213, 1805],
       [2220, 2088],
       [1941, 2091]]), array([[1042, 2101],
       [1321, 2098],
       [1323, 2411],
       [1043, 2414]]), array([[1321, 2098],
       [1631, 2095],
       [1635, 2408],
       [1323, 2411]]), array([[1631, 2095],
       [1941, 2091],
       [1947, 2405],
       [1635, 2408]]), array([[1941, 2091],
       [2220, 2088],
       [2227, 2403],
       [1947, 2405]]), array([[1043, 2414],
       [1323, 2411],
       [1326, 2724],
       [1044, 2726]]), array([[1323, 2411],
       [1635, 2408],
       [1639, 2722],
       [1326, 2724]]), array([[1635, 2408],
       [1947, 2405],
       [1952, 2720],
       [1639, 2722]]), array([[1947, 2405],
       [2227, 2403],
       [2234, 2718],
       [1952, 2720]]), array([[1044, 2726],
       [1326, 2724],
       [1328, 3006],
       [1045, 3007]]), array([[1326, 2724],
       [1639, 2722],
       [1643, 3004],
       [1328, 3006]]), array([[1639, 2722],
       [1952, 2720],
       [1958, 3002],
       [1643, 3004]]), array([[1952, 2720],
       [2234, 2718],
       [2241, 3001],
       [1958, 3002]])]