Big box:
[array([1009, 2789]), array([1018, 1826]), array([1970, 1826]), array([1976, 2792])]

Small boxes:
[array([[1009, 2789],
       [1011, 2561],
       [1239, 2561],
       [1238, 2790]]), array([[1011, 2561],
       [1014, 2308],
       [1241, 2308],
       [1239, 2561]]), array([[1014, 2308],
       [1016, 2054],
       [1242, 2054],
       [1241, 2308]]), array([[1016, 2054],
       [1018, 1826],
       [1243, 1826],
       [1242, 2054]]), array([[1238, 2790],
       [1239, 2561],
       [1493, 2562],
       [1492, 2790]]), array([[1239, 2561],
       [1241, 2308],
       [1493, 2308],
       [1493, 2562]]), array([[1241, 2308],
       [1242, 2054],
       [1494, 2054],
       [1493, 2308]]), array([[1242, 2054],
       [1243, 1826],
       [1494, 1826],
       [1494, 2054]]), array([[1492, 2790],
       [1493, 2562],
       [1746, 2563],
       [1747, 2791]]), array([[1493, 2562],
       [1493, 2308],
       [1746, 2309],
       [1746, 2563]]), array([[1493, 2308],
       [1494, 2054],
       [1745, 2055],
       [1746, 2309]]), array([[1494, 2054],
       [1494, 1826],
       [1745, 1826],
       [1745, 2055]]), array([[1747, 2791],
       [1746, 2563],
       [1975, 2563],
       [1976, 2792]]), array([[1746, 2563],
       [1746, 2309],
       [1973, 2309],
       [1975, 2563]]), array([[1746, 2309],
       [1745, 2055],
       [1971, 2055],
       [1973, 2309]]), array([[1745, 2055],
       [1745, 1826],
       [1970, 1826],
       [1971, 2055]])]