Big box:
[array([1177, 3210]), array([1193, 2217]), array([2147, 2242]), array([2143, 3232])]

Small boxes:
[array([[1177, 3210],
       [1181, 2975],
       [1409, 2980],
       [1406, 3215]]), array([[1181, 2975],
       [1185, 2714],
       [1412, 2719],
       [1409, 2980]]), array([[1185, 2714],
       [1189, 2452],
       [1416, 2458],
       [1412, 2719]]), array([[1189, 2452],
       [1193, 2217],
       [1419, 2223],
       [1416, 2458]]), array([[1406, 3215],
       [1409, 2980],
       [1662, 2986],
       [1660, 3221]]), array([[1409, 2980],
       [1412, 2719],
       [1665, 2725],
       [1662, 2986]]), array([[1412, 2719],
       [1416, 2458],
       [1668, 2464],
       [1665, 2725]]), array([[1416, 2458],
       [1419, 2223],
       [1670, 2230],
       [1668, 2464]]), array([[1660, 3221],
       [1662, 2986],
       [1916, 2992],
       [1914, 3227]]), array([[1662, 2986],
       [1665, 2725],
       [1918, 2731],
       [1916, 2992]]), array([[1665, 2725],
       [1668, 2464],
       [1919, 2471],
       [1918, 2731]]), array([[1668, 2464],
       [1670, 2230],
       [1921, 2236],
       [1919, 2471]]), array([[1914, 3227],
       [1916, 2992],
       [2144, 2998],
       [2143, 3232]]), array([[1916, 2992],
       [1918, 2731],
       [2145, 2737],
       [2144, 2998]]), array([[1918, 2731],
       [1919, 2471],
       [2146, 2476],
       [2145, 2737]]), array([[1919, 2471],
       [1921, 2236],
       [2147, 2242],
       [2146, 2476]])]