Big box:
[array([1045, 3082]), array([1076, 2078]), array([2046, 2103]), array([2038, 3099])]

Small boxes:
[array([[1045, 3082],
       [1052, 2844],
       [1286, 2849],
       [1280, 3086]]), array([[1052, 2844],
       [1060, 2580],
       [1293, 2585],
       [1286, 2849]]), array([[1060, 2580],
       [1069, 2316],
       [1300, 2321],
       [1293, 2585]]), array([[1069, 2316],
       [1076, 2078],
       [1306, 2084],
       [1300, 2321]]), array([[1280, 3086],
       [1286, 2849],
       [1546, 2854],
       [1542, 3090]]), array([[1286, 2849],
       [1293, 2585],
       [1551, 2590],
       [1546, 2854]]), array([[1293, 2585],
       [1300, 2321],
       [1556, 2327],
       [1551, 2590]]), array([[1300, 2321],
       [1306, 2084],
       [1561, 2090],
       [1556, 2327]]), array([[1542, 3090],
       [1546, 2854],
       [1806, 2859],
       [1803, 3095]]), array([[1546, 2854],
       [1551, 2590],
       [1810, 2596],
       [1806, 2859]]), array([[1551, 2590],
       [1556, 2327],
       [1813, 2333],
       [1810, 2596]]), array([[1556, 2327],
       [1561, 2090],
       [1816, 2097],
       [1813, 2333]]), array([[1803, 3095],
       [1806, 2859],
       [2040, 2863],
       [2038, 3099]]), array([[1806, 2859],
       [1810, 2596],
       [2042, 2601],
       [2040, 2863]]), array([[1810, 2596],
       [1813, 2333],
       [2044, 2339],
       [2042, 2601]]), array([[1813, 2333],
       [1816, 2097],
       [2046, 2103],
       [2044, 2339]])]