Big box:
[array([1078, 1441]), array([2211, 1389]), array([2254, 2522]), array([1126, 2565])]

Small boxes:
[array([[1078, 1441],
       [1346, 1429],
       [1357, 1695],
       [1089, 1707]]), array([[1346, 1429],
       [1644, 1415],
       [1655, 1682],
       [1357, 1695]]), array([[1644, 1415],
       [1943, 1401],
       [1953, 1669],
       [1655, 1682]]), array([[1943, 1401],
       [2211, 1389],
       [2221, 1657],
       [1953, 1669]]), array([[1089, 1707],
       [1357, 1695],
       [1370, 1992],
       [1102, 2003]]), array([[1357, 1695],
       [1655, 1682],
       [1667, 1979],
       [1370, 1992]]), array([[1655, 1682],
       [1953, 1669],
       [1965, 1967],
       [1667, 1979]]), array([[1953, 1669],
       [2221, 1657],
       [2232, 1956],
       [1965, 1967]]), array([[1102, 2003],
       [1370, 1992],
       [1382, 2288],
       [1115, 2299]]), array([[1370, 1992],
       [1667, 1979],
       [1679, 2276],
       [1382, 2288]]), array([[1667, 1979],
       [1965, 1967],
       [1976, 2264],
       [1679, 2276]]), array([[1965, 1967],
       [2232, 1956],
       [2244, 2254],
       [1976, 2264]]), array([[1115, 2299],
       [1382, 2288],
       [1393, 2555],
       [1126, 2565]]), array([[1382, 2288],
       [1679, 2276],
       [1690, 2544],
       [1393, 2555]]), array([[1679, 2276],
       [1976, 2264],
       [1987, 2532],
       [1690, 2544]]), array([[1976, 2264],
       [2244, 2254],
       [2254, 2522],
       [1987, 2532]])]