Big box:
[array([1043, 2899]), array([1083, 1922]), array([2046, 1950]), array([2027, 2936])]

Small boxes:
[array([[1043, 2899],
       [1052, 2668],
       [1284, 2676],
       [1276, 2908]]), array([[1052, 2668],
       [1063, 2410],
       [1294, 2418],
       [1284, 2676]]), array([[1063, 2410],
       [1074, 2153],
       [1303, 2161],
       [1294, 2418]]), array([[1074, 2153],
       [1083, 1922],
       [1311, 1929],
       [1303, 2161]]), array([[1276, 2908],
       [1284, 2676],
       [1542, 2685],
       [1535, 2918]]), array([[1284, 2676],
       [1294, 2418],
       [1550, 2427],
       [1542, 2685]]), array([[1294, 2418],
       [1303, 2161],
       [1558, 2168],
       [1550, 2427]]), array([[1303, 2161],
       [1311, 1929],
       [1564, 1936],
       [1558, 2168]]), array([[1535, 2918],
       [1542, 2685],
       [1800, 2694],
       [1794, 2927]]), array([[1542, 2685],
       [1550, 2427],
       [1806, 2435],
       [1800, 2694]]), array([[1550, 2427],
       [1558, 2168],
       [1812, 2176],
       [1806, 2435]]), array([[1558, 2168],
       [1564, 1936],
       [1818, 1943],
       [1812, 2176]]), array([[1794, 2927],
       [1800, 2694],
       [2032, 2702],
       [2027, 2936]]), array([[1800, 2694],
       [1806, 2435],
       [2036, 2443],
       [2032, 2702]]), array([[1806, 2435],
       [1812, 2176],
       [2042, 2184],
       [2036, 2443]]), array([[1812, 2176],
       [1818, 1943],
       [2046, 1950],
       [2042, 2184]])]