Big box:
[array([1070, 3061]), array([1108, 2038]), array([2109, 2066]), array([2089, 3101])]

Small boxes:
[array([[1070, 3061],
       [1079, 2819],
       [1319, 2828],
       [1311, 3070]]), array([[1079, 2819],
       [1089, 2550],
       [1328, 2558],
       [1319, 2828]]), array([[1089, 2550],
       [1099, 2280],
       [1337, 2288],
       [1328, 2558]]), array([[1099, 2280],
       [1108, 2038],
       [1345, 2045],
       [1337, 2288]]), array([[1311, 3070],
       [1319, 2828],
       [1586, 2837],
       [1580, 3081]]), array([[1319, 2828],
       [1328, 2558],
       [1594, 2566],
       [1586, 2837]]), array([[1328, 2558],
       [1337, 2288],
       [1602, 2296],
       [1594, 2566]]), array([[1337, 2288],
       [1345, 2045],
       [1608, 2052],
       [1602, 2296]]), array([[1580, 3081],
       [1586, 2837],
       [1853, 2847],
       [1848, 3092]]), array([[1586, 2837],
       [1594, 2566],
       [1860, 2575],
       [1853, 2847]]), array([[1594, 2566],
       [1602, 2296],
       [1866, 2304],
       [1860, 2575]]), array([[1602, 2296],
       [1608, 2052],
       [1872, 2059],
       [1866, 2304]]), array([[1848, 3092],
       [1853, 2847],
       [2094, 2856],
       [2089, 3101]]), array([[1853, 2847],
       [1860, 2575],
       [2099, 2584],
       [2094, 2856]]), array([[1860, 2575],
       [1866, 2304],
       [2104, 2311],
       [2099, 2584]]), array([[1866, 2304],
       [1872, 2059],
       [2109, 2066],
       [2104, 2311]])]