Big box:
[array([1040, 2905]), array([1067, 1933]), array([2030, 1944]), array([2019, 2934])]

Small boxes:
[array([[1040, 2905],
       [1046, 2675],
       [1277, 2681],
       [1272, 2912]]), array([[1046, 2675],
       [1054, 2419],
       [1283, 2424],
       [1277, 2681]]), array([[1054, 2419],
       [1061, 2163],
       [1290, 2167],
       [1283, 2424]]), array([[1061, 2163],
       [1067, 1933],
       [1295, 1936],
       [1290, 2167]]), array([[1272, 2912],
       [1277, 2681],
       [1534, 2687],
       [1530, 2920]]), array([[1277, 2681],
       [1283, 2424],
       [1539, 2429],
       [1534, 2687]]), array([[1283, 2424],
       [1290, 2167],
       [1544, 2171],
       [1539, 2429]]), array([[1290, 2167],
       [1295, 1936],
       [1548, 1938],
       [1544, 2171]]), array([[1530, 2920],
       [1534, 2687],
       [1791, 2694],
       [1787, 2927]]), array([[1534, 2687],
       [1539, 2429],
       [1795, 2434],
       [1791, 2694]]), array([[1539, 2429],
       [1544, 2171],
       [1798, 2175],
       [1795, 2434]]), array([[1544, 2171],
       [1548, 1938],
       [1802, 1941],
       [1798, 2175]]), array([[1787, 2927],
       [1791, 2694],
       [2022, 2700],
       [2019, 2934]]), array([[1791, 2694],
       [1795, 2434],
       [2024, 2439],
       [2022, 2700]]), array([[1795, 2434],
       [1798, 2175],
       [2027, 2178],
       [2024, 2439]]), array([[1798, 2175],
       [1802, 1941],
       [2030, 1944],
       [2027, 2178]])]