Big box:
[array([ 869, 2722]), array([ 906, 1490]), array([2127, 1530]), array([2102, 2743])]

Small boxes:
[array([[ 869, 2722],
       [ 878, 2430],
       [1169, 2436],
       [1161, 2727]]), array([[ 878, 2430],
       [ 888, 2106],
       [1178, 2113],
       [1169, 2436]]), array([[ 888, 2106],
       [ 897, 1782],
       [1187, 1790],
       [1178, 2113]]), array([[ 897, 1782],
       [ 906, 1490],
       [1195, 1499],
       [1187, 1790]]), array([[1161, 2727],
       [1169, 2436],
       [1493, 2443],
       [1486, 2732]]), array([[1169, 2436],
       [1178, 2113],
       [1501, 2121],
       [1493, 2443]]), array([[1178, 2113],
       [1187, 1790],
       [1509, 1800],
       [1501, 2121]]), array([[1187, 1790],
       [1195, 1499],
       [1516, 1510],
       [1509, 1800]]), array([[1486, 2732],
       [1493, 2443],
       [1817, 2450],
       [1810, 2738]]), array([[1493, 2443],
       [1501, 2121],
       [1824, 2129],
       [1817, 2450]]), array([[1501, 2121],
       [1509, 1800],
       [1831, 1809],
       [1824, 2129]]), array([[1509, 1800],
       [1516, 1510],
       [1838, 1521],
       [1831, 1809]]), array([[1810, 2738],
       [1817, 2450],
       [2108, 2456],
       [2102, 2743]]), array([[1817, 2450],
       [1824, 2129],
       [2114, 2136],
       [2108, 2456]]), array([[1824, 2129],
       [1831, 1809],
       [2121, 1817],
       [2114, 2136]]), array([[1831, 1809],
       [1838, 1521],
       [2127, 1530],
       [2121, 1817]])]