Big box:
[array([1078, 2824]), array([1109, 1854]), array([2076, 1882]), array([2042, 2856])]

Small boxes:
[array([[1078, 2824],
       [1085, 2594],
       [1314, 2602],
       [1306, 2832]]), array([[1085, 2594],
       [1094, 2339],
       [1322, 2346],
       [1314, 2602]]), array([[1094, 2339],
       [1102, 2084],
       [1331, 2091],
       [1322, 2346]]), array([[1102, 2084],
       [1109, 1854],
       [1338, 1861],
       [1331, 2091]]), array([[1306, 2832],
       [1314, 2602],
       [1568, 2610],
       [1560, 2840]]), array([[1314, 2602],
       [1322, 2346],
       [1576, 2354],
       [1568, 2610]]), array([[1322, 2346],
       [1331, 2091],
       [1585, 2098],
       [1576, 2354]]), array([[1331, 2091],
       [1338, 1861],
       [1592, 1868],
       [1585, 2098]]), array([[1560, 2840],
       [1568, 2610],
       [1822, 2618],
       [1814, 2848]]), array([[1568, 2610],
       [1576, 2354],
       [1830, 2362],
       [1822, 2618]]), array([[1576, 2354],
       [1585, 2098],
       [1839, 2106],
       [1830, 2362]]), array([[1585, 2098],
       [1592, 1868],
       [1847, 1875],
       [1839, 2106]]), array([[1814, 2848],
       [1822, 2618],
       [2050, 2625],
       [2042, 2856]]), array([[1822, 2618],
       [1830, 2362],
       [2059, 2369],
       [2050, 2625]]), array([[1830, 2362],
       [1839, 2106],
       [2068, 2113],
       [2059, 2369]]), array([[1839, 2106],
       [1847, 1875],
       [2076, 1882],
       [2068, 2113]])]