Big box:
[array([1094, 2890]), array([1131, 1925]), array([2079, 1956]), array([2063, 2918])]

Small boxes:
[array([[1094, 2890],
       [1103, 2661],
       [1331, 2668],
       [1324, 2897]]), array([[1103, 2661],
       [1112, 2408],
       [1340, 2414],
       [1331, 2668]]), array([[1112, 2408],
       [1122, 2154],
       [1348, 2161],
       [1340, 2414]]), array([[1122, 2154],
       [1131, 1925],
       [1356, 1932],
       [1348, 2161]]), array([[1324, 2897],
       [1331, 2668],
       [1585, 2676],
       [1578, 2904]]), array([[1331, 2668],
       [1340, 2414],
       [1592, 2422],
       [1585, 2676]]), array([[1340, 2414],
       [1348, 2161],
       [1599, 2169],
       [1592, 2422]]), array([[1348, 2161],
       [1356, 1932],
       [1605, 1940],
       [1599, 2169]]), array([[1578, 2904],
       [1585, 2676],
       [1838, 2683],
       [1834, 2911]]), array([[1585, 2676],
       [1592, 2422],
       [1844, 2430],
       [1838, 2683]]), array([[1592, 2422],
       [1599, 2169],
       [1850, 2177],
       [1844, 2430]]), array([[1599, 2169],
       [1605, 1940],
       [1854, 1949],
       [1850, 2177]]), array([[1834, 2911],
       [1838, 2683],
       [2067, 2690],
       [2063, 2918]]), array([[1838, 2683],
       [1844, 2430],
       [2071, 2437],
       [2067, 2690]]), array([[1844, 2430],
       [1850, 2177],
       [2075, 2184],
       [2071, 2437]]), array([[1850, 2177],
       [1854, 1949],
       [2079, 1956],
       [2075, 2184]])]