Big box:
[array([ 720, 2906]), array([ 769, 1925]), array([1725, 1961]), array([1697, 2922])]

Small boxes:
[array([[ 720, 2906],
       [ 732, 2674],
       [ 962, 2679],
       [ 951, 2910]]), array([[ 732, 2674],
       [ 744, 2416],
       [ 973, 2422],
       [ 962, 2679]]), array([[ 744, 2416],
       [ 757, 2157],
       [ 985, 2165],
       [ 973, 2422]]), array([[ 757, 2157],
       [ 769, 1925],
       [ 995, 1934],
       [ 985, 2165]]), array([[ 951, 2910],
       [ 962, 2679],
       [1218, 2684],
       [1208, 2914]]), array([[ 962, 2679],
       [ 973, 2422],
       [1228, 2428],
       [1218, 2684]]), array([[ 973, 2422],
       [ 985, 2165],
       [1238, 2173],
       [1228, 2428]]), array([[ 985, 2165],
       [ 995, 1934],
       [1247, 1943],
       [1238, 2173]]), array([[1208, 2914],
       [1218, 2684],
       [1473, 2689],
       [1466, 2918]]), array([[1218, 2684],
       [1228, 2428],
       [1482, 2435],
       [1473, 2689]]), array([[1228, 2428],
       [1238, 2173],
       [1491, 2181],
       [1482, 2435]]), array([[1238, 2173],
       [1247, 1943],
       [1499, 1952],
       [1491, 2181]]), array([[1466, 2918],
       [1473, 2689],
       [1704, 2694],
       [1697, 2922]]), array([[1473, 2689],
       [1482, 2435],
       [1711, 2442],
       [1704, 2694]]), array([[1482, 2435],
       [1491, 2181],
       [1718, 2189],
       [1711, 2442]]), array([[1491, 2181],
       [1499, 1952],
       [1725, 1961],
       [1718, 2189]])]