Big box:
[array([1010, 1903]), array([1992, 1900]), array([1989, 2895]), array([1013, 2889])]

Small boxes:
[array([[1010, 1903],
       [1243, 1902],
       [1243, 2136],
       [1011, 2137]]), array([[1243, 1902],
       [1501, 1902],
       [1501, 2136],
       [1243, 2136]]), array([[1501, 1902],
       [1759, 1901],
       [1759, 2136],
       [1501, 2136]]), array([[1759, 1901],
       [1992, 1900],
       [1991, 2136],
       [1759, 2136]]), array([[1011, 2137],
       [1243, 2136],
       [1243, 2396],
       [1012, 2396]]), array([[1243, 2136],
       [1501, 2136],
       [1501, 2397],
       [1243, 2396]]), array([[1501, 2136],
       [1759, 2136],
       [1759, 2397],
       [1501, 2397]]), array([[1759, 2136],
       [1991, 2136],
       [1990, 2398],
       [1759, 2397]]), array([[1012, 2396],
       [1243, 2396],
       [1244, 2656],
       [1012, 2655]]), array([[1243, 2396],
       [1501, 2397],
       [1501, 2657],
       [1244, 2656]]), array([[1501, 2397],
       [1759, 2397],
       [1758, 2658],
       [1501, 2657]]), array([[1759, 2397],
       [1990, 2398],
       [1990, 2659],
       [1758, 2658]]), array([[1012, 2655],
       [1244, 2656],
       [1244, 2890],
       [1013, 2889]]), array([[1244, 2656],
       [1501, 2657],
       [1501, 2892],
       [1244, 2890]]), array([[1501, 2657],
       [1758, 2658],
       [1758, 2894],
       [1501, 2892]]), array([[1758, 2658],
       [1990, 2659],
       [1989, 2895],
       [1758, 2894]])]