Big box:
[array([ 919, 2832]), array([ 956, 1861]), array([1918, 1889]), array([1891, 2862])]

Small boxes:
[array([[ 919, 2832],
       [ 928, 2602],
       [1157, 2609],
       [1149, 2839]]), array([[ 928, 2602],
       [ 938, 2346],
       [1167, 2353],
       [1157, 2609]]), array([[ 938, 2346],
       [ 947, 2091],
       [1176, 2098],
       [1167, 2353]]), array([[ 947, 2091],
       [ 956, 1861],
       [1184, 1868],
       [1176, 2098]]), array([[1149, 2839],
       [1157, 2609],
       [1413, 2617],
       [1405, 2847]]), array([[1157, 2609],
       [1167, 2353],
       [1421, 2361],
       [1413, 2617]]), array([[1167, 2353],
       [1176, 2098],
       [1429, 2105],
       [1421, 2361]]), array([[1176, 2098],
       [1184, 1868],
       [1437, 1875],
       [1429, 2105]]), array([[1405, 2847],
       [1413, 2617],
       [1668, 2625],
       [1661, 2855]]), array([[1413, 2617],
       [1421, 2361],
       [1675, 2369],
       [1668, 2625]]), array([[1421, 2361],
       [1429, 2105],
       [1683, 2113],
       [1675, 2369]]), array([[1429, 2105],
       [1437, 1875],
       [1690, 1882],
       [1683, 2113]]), array([[1661, 2855],
       [1668, 2625],
       [1897, 2632],
       [1891, 2862]]), array([[1668, 2625],
       [1675, 2369],
       [1904, 2376],
       [1897, 2632]]), array([[1675, 2369],
       [1683, 2113],
       [1912, 2119],
       [1904, 2376]]), array([[1683, 2113],
       [1690, 1882],
       [1918, 1889],
       [1912, 2119]])]