Big box:
[array([1034, 1455]), array([2266, 1479]), array([2245, 2716]), array([1004, 2686])]

Small boxes:
[array([[1034, 1455],
       [1326, 1461],
       [1319, 1753],
       [1027, 1747]]), array([[1326, 1461],
       [1650, 1467],
       [1644, 1759],
       [1319, 1753]]), array([[1650, 1467],
       [1974, 1473],
       [1969, 1766],
       [1644, 1759]]), array([[1974, 1473],
       [2266, 1479],
       [2261, 1772],
       [1969, 1766]]), array([[1027, 1747],
       [1319, 1753],
       [1312, 2077],
       [1019, 2070]]), array([[1319, 1753],
       [1644, 1759],
       [1637, 2084],
       [1312, 2077]]), array([[1644, 1759],
       [1969, 1766],
       [1963, 2091],
       [1637, 2084]]), array([[1969, 1766],
       [2261, 1772],
       [2256, 2098],
       [1963, 2091]]), array([[1019, 2070],
       [1312, 2077],
       [1305, 2401],
       [1011, 2394]]), array([[1312, 2077],
       [1637, 2084],
       [1631, 2409],
       [1305, 2401]]), array([[1637, 2084],
       [1963, 2091],
       [1957, 2416],
       [1631, 2409]]), array([[1963, 2091],
       [2256, 2098],
       [2250, 2423],
       [1957, 2416]]), array([[1011, 2394],
       [1305, 2401],
       [1298, 2693],
       [1004, 2686]]), array([[1305, 2401],
       [1631, 2409],
       [1624, 2701],
       [1298, 2693]]), array([[1631, 2409],
       [1957, 2416],
       [1951, 2709],
       [1624, 2701]]), array([[1957, 2416],
       [2250, 2423],
       [2245, 2716],
       [1951, 2709]])]