Big box:
[array([1024, 2963]), array([1084, 1974]), array([2057, 2017]), array([2023, 3019])]

Small boxes:
[array([[1024, 2963],
       [1038, 2729],
       [1273, 2741],
       [1261, 2976]]), array([[1038, 2729],
       [1054, 2468],
       [1288, 2480],
       [1273, 2741]]), array([[1054, 2468],
       [1070, 2208],
       [1302, 2219],
       [1288, 2480]]), array([[1070, 2208],
       [1084, 1974],
       [1314, 1984],
       [1302, 2219]]), array([[1261, 2976],
       [1273, 2741],
       [1535, 2755],
       [1524, 2991]]), array([[1273, 2741],
       [1288, 2480],
       [1547, 2493],
       [1535, 2755]]), array([[1288, 2480],
       [1302, 2219],
       [1559, 2231],
       [1547, 2493]]), array([[1302, 2219],
       [1314, 1984],
       [1570, 1996],
       [1559, 2231]]), array([[1524, 2991],
       [1535, 2755],
       [1796, 2769],
       [1786, 3006]]), array([[1535, 2755],
       [1547, 2493],
       [1806, 2506],
       [1796, 2769]]), array([[1547, 2493],
       [1559, 2231],
       [1817, 2243],
       [1806, 2506]]), array([[1559, 2231],
       [1570, 1996],
       [1827, 2007],
       [1817, 2243]]), array([[1786, 3006],
       [1796, 2769],
       [2031, 2782],
       [2023, 3019]]), array([[1796, 2769],
       [1806, 2506],
       [2040, 2518],
       [2031, 2782]]), array([[1806, 2506],
       [1817, 2243],
       [2049, 2254],
       [2040, 2518]]), array([[1817, 2243],
       [1827, 2007],
       [2057, 2017],
       [2049, 2254]])]