Big box:
[array([ 981, 2931]), array([1014, 1951]), array([1976, 1968]), array([1967, 2952])]

Small boxes:
[array([[ 981, 2931],
       [ 989, 2699],
       [1221, 2704],
       [1215, 2936]]), array([[ 989, 2699],
       [ 998, 2441],
       [1228, 2446],
       [1221, 2704]]), array([[ 998, 2441],
       [1006, 2183],
       [1235, 2187],
       [1228, 2446]]), array([[1006, 2183],
       [1014, 1951],
       [1242, 1955],
       [1235, 2187]]), array([[1215, 2936],
       [1221, 2704],
       [1479, 2709],
       [1474, 2942]]), array([[1221, 2704],
       [1228, 2446],
       [1484, 2450],
       [1479, 2709]]), array([[1228, 2446],
       [1235, 2187],
       [1490, 2192],
       [1484, 2450]]), array([[1235, 2187],
       [1242, 1955],
       [1495, 1960],
       [1490, 2192]]), array([[1474, 2942],
       [1479, 2709],
       [1737, 2714],
       [1733, 2947]]), array([[1479, 2709],
       [1484, 2450],
       [1741, 2456],
       [1737, 2714]]), array([[1484, 2450],
       [1490, 2192],
       [1745, 2197],
       [1741, 2456]]), array([[1490, 2192],
       [1495, 1960],
       [1748, 1964],
       [1745, 2197]]), array([[1733, 2947],
       [1737, 2714],
       [1969, 2719],
       [1967, 2952]]), array([[1737, 2714],
       [1741, 2456],
       [1972, 2460],
       [1969, 2719]]), array([[1741, 2456],
       [1745, 2197],
       [1974, 2201],
       [1972, 2460]]), array([[1745, 2197],
       [1748, 1964],
       [1976, 1968],
       [1974, 2201]])]