Big box:
[array([ 825, 2880]), array([ 855, 1628]), array([2086, 1664]), array([2066, 2895])]

Small boxes:
[array([[ 825, 2880],
       [ 832, 2583],
       [1125, 2588],
       [1119, 2884]]), array([[ 832, 2583],
       [ 840, 2254],
       [1133, 2260],
       [1125, 2588]]), array([[ 840, 2254],
       [ 848, 1925],
       [1140, 1932],
       [1133, 2260]]), array([[ 848, 1925],
       [ 855, 1628],
       [1147, 1637],
       [1140, 1932]]), array([[1119, 2884],
       [1125, 2588],
       [1451, 2593],
       [1446, 2888]]), array([[1125, 2588],
       [1133, 2260],
       [1458, 2267],
       [1451, 2593]]), array([[1133, 2260],
       [1140, 1932],
       [1465, 1940],
       [1458, 2267]]), array([[1140, 1932],
       [1147, 1637],
       [1470, 1646],
       [1465, 1940]]), array([[1446, 2888],
       [1451, 2593],
       [1777, 2599],
       [1772, 2891]]), array([[1451, 2593],
       [1458, 2267],
       [1783, 2273],
       [1777, 2599]]), array([[1458, 2267],
       [1465, 1940],
       [1789, 1948],
       [1783, 2273]]), array([[1465, 1940],
       [1470, 1646],
       [1794, 1655],
       [1789, 1948]]), array([[1772, 2891],
       [1777, 2599],
       [2071, 2603],
       [2066, 2895]]), array([[1777, 2599],
       [1783, 2273],
       [2076, 2280],
       [2071, 2603]]), array([[1783, 2273],
       [1789, 1948],
       [2081, 1956],
       [2076, 2280]]), array([[1789, 1948],
       [1794, 1655],
       [2086, 1664],
       [2081, 1956]])]