Big box:
[array([1026, 2755]), array([1053, 1783]), array([2012, 1800]), array([2001, 2772])]

Small boxes:
[array([[1026, 2755],
       [1032, 2525],
       [1262, 2529],
       [1257, 2759]]), array([[1032, 2525],
       [1040, 2269],
       [1269, 2273],
       [1262, 2529]]), array([[1040, 2269],
       [1047, 2013],
       [1275, 2017],
       [1269, 2273]]), array([[1047, 2013],
       [1053, 1783],
       [1280, 1787],
       [1275, 2017]]), array([[1257, 2759],
       [1262, 2529],
       [1518, 2533],
       [1514, 2764]]), array([[1262, 2529],
       [1269, 2273],
       [1523, 2278],
       [1518, 2533]]), array([[1269, 2273],
       [1275, 2017],
       [1528, 2022],
       [1523, 2278]]), array([[1275, 2017],
       [1280, 1787],
       [1532, 1792],
       [1528, 2022]]), array([[1514, 2764],
       [1518, 2533],
       [1774, 2538],
       [1770, 2768]]), array([[1518, 2533],
       [1523, 2278],
       [1777, 2282],
       [1774, 2538]]), array([[1523, 2278],
       [1528, 2022],
       [1781, 2026],
       [1777, 2282]]), array([[1528, 2022],
       [1532, 1792],
       [1785, 1796],
       [1781, 2026]]), array([[1770, 2768],
       [1774, 2538],
       [2004, 2542],
       [2001, 2772]]), array([[1774, 2538],
       [1777, 2282],
       [2006, 2286],
       [2004, 2542]]), array([[1777, 2282],
       [1781, 2026],
       [2009, 2030],
       [2006, 2286]]), array([[1781, 2026],
       [1785, 1796],
       [2012, 1800],
       [2009, 2030]])]