Big box:
[array([ 999, 3053]), array([1046, 2068]), array([1995, 2106]), array([1984, 3078])]

Small boxes:
[array([[ 999, 3053],
       [1010, 2820],
       [1241, 2826],
       [1232, 3059]]), array([[1010, 2820],
       [1022, 2560],
       [1252, 2568],
       [1241, 2826]]), array([[1022, 2560],
       [1035, 2301],
       [1262, 2310],
       [1252, 2568]]), array([[1035, 2301],
       [1046, 2068],
       [1271, 2077],
       [1262, 2310]]), array([[1232, 3059],
       [1241, 2826],
       [1498, 2834],
       [1492, 3066]]), array([[1241, 2826],
       [1252, 2568],
       [1506, 2576],
       [1498, 2834]]), array([[1252, 2568],
       [1262, 2310],
       [1514, 2319],
       [1506, 2576]]), array([[1262, 2310],
       [1271, 2077],
       [1520, 2087],
       [1514, 2319]]), array([[1492, 3066],
       [1498, 2834],
       [1755, 2841],
       [1751, 3072]]), array([[1498, 2834],
       [1506, 2576],
       [1760, 2585],
       [1755, 2841]]), array([[1506, 2576],
       [1514, 2319],
       [1766, 2328],
       [1760, 2585]]), array([[1514, 2319],
       [1520, 2087],
       [1770, 2097],
       [1766, 2328]]), array([[1751, 3072],
       [1755, 2841],
       [1987, 2848],
       [1984, 3078]]), array([[1755, 2841],
       [1760, 2585],
       [1990, 2592],
       [1987, 2848]]), array([[1760, 2585],
       [1766, 2328],
       [1992, 2336],
       [1990, 2592]]), array([[1766, 2328],
       [1770, 2097],
       [1995, 2106],
       [1992, 2336]])]