Big box:
[array([1004, 2875]), array([1037, 1923]), array([1975, 1944]), array([1969, 2896])]

Small boxes:
[array([[1004, 2875],
       [1012, 2650],
       [1239, 2654],
       [1233, 2880]]), array([[1012, 2650],
       [1020, 2399],
       [1246, 2404],
       [1239, 2654]]), array([[1020, 2399],
       [1029, 2148],
       [1253, 2153],
       [1246, 2404]]), array([[1029, 2148],
       [1037, 1923],
       [1259, 1928],
       [1253, 2153]]), array([[1233, 2880],
       [1239, 2654],
       [1491, 2660],
       [1486, 2886]]), array([[1239, 2654],
       [1246, 2404],
       [1496, 2410],
       [1491, 2660]]), array([[1246, 2404],
       [1253, 2153],
       [1501, 2159],
       [1496, 2410]]), array([[1253, 2153],
       [1259, 1928],
       [1506, 1934],
       [1501, 2159]]), array([[1486, 2886],
       [1491, 2660],
       [1743, 2666],
       [1740, 2891]]), array([[1491, 2660],
       [1496, 2410],
       [1747, 2415],
       [1743, 2666]]), array([[1496, 2410],
       [1501, 2159],
       [1750, 2164],
       [1747, 2415]]), array([[1501, 2159],
       [1506, 1934],
       [1753, 1939],
       [1750, 2164]]), array([[1740, 2891],
       [1743, 2666],
       [1970, 2671],
       [1969, 2896]]), array([[1743, 2666],
       [1747, 2415],
       [1972, 2420],
       [1970, 2671]]), array([[1747, 2415],
       [1750, 2164],
       [1974, 2169],
       [1972, 2420]]), array([[1750, 2164],
       [1753, 1939],
       [1975, 1944],
       [1974, 2169]])]