Big box:
[array([ 954, 2927]), array([1020, 1942]), array([1985, 1986]), array([1955, 2974])]

Small boxes:
[array([[ 954, 2927],
       [ 970, 2694],
       [1205, 2705],
       [1191, 2938]]), array([[ 970, 2694],
       [ 987, 2434],
       [1220, 2445],
       [1205, 2705]]), array([[ 987, 2434],
       [1004, 2175],
       [1235, 2186],
       [1220, 2445]]), array([[1004, 2175],
       [1020, 1942],
       [1249, 1952],
       [1235, 2186]]), array([[1191, 2938],
       [1205, 2705],
       [1466, 2717],
       [1454, 2950]]), array([[1205, 2705],
       [1220, 2445],
       [1478, 2457],
       [1466, 2717]]), array([[1220, 2445],
       [1235, 2186],
       [1491, 2198],
       [1478, 2457]]), array([[1235, 2186],
       [1249, 1952],
       [1502, 1964],
       [1491, 2198]]), array([[1454, 2950],
       [1466, 2717],
       [1727, 2729],
       [1718, 2963]]), array([[1466, 2717],
       [1478, 2457],
       [1737, 2469],
       [1727, 2729]]), array([[1478, 2457],
       [1491, 2198],
       [1747, 2209],
       [1737, 2469]]), array([[1491, 2198],
       [1502, 1964],
       [1756, 1976],
       [1747, 2209]]), array([[1718, 2963],
       [1727, 2729],
       [1962, 2740],
       [1955, 2974]]), array([[1727, 2729],
       [1737, 2469],
       [1970, 2480],
       [1962, 2740]]), array([[1737, 2469],
       [1747, 2209],
       [1978, 2220],
       [1970, 2480]]), array([[1747, 2209],
       [1756, 1976],
       [1985, 1986],
       [1978, 2220]])]