Big box:
[array([ 907, 2900]), array([ 970, 1925]), array([1939, 1964]), array([1897, 2960])]

Small boxes:
[array([[ 907, 2900],
       [ 922, 2669],
       [1155, 2682],
       [1141, 2914]]), array([[ 922, 2669],
       [ 938, 2412],
       [1170, 2424],
       [1155, 2682]]), array([[ 938, 2412],
       [ 955, 2156],
       [1186, 2166],
       [1170, 2424]]), array([[ 955, 2156],
       [ 970, 1925],
       [1200, 1934],
       [1186, 2166]]), array([[1141, 2914],
       [1155, 2682],
       [1414, 2697],
       [1402, 2930]]), array([[1155, 2682],
       [1170, 2424],
       [1428, 2437],
       [1414, 2697]]), array([[1170, 2424],
       [1186, 2166],
       [1442, 2178],
       [1428, 2437]]), array([[1186, 2166],
       [1200, 1934],
       [1454, 1944],
       [1442, 2178]]), array([[1402, 2930],
       [1414, 2697],
       [1674, 2711],
       [1663, 2946]]), array([[1414, 2697],
       [1428, 2437],
       [1686, 2450],
       [1674, 2711]]), array([[1428, 2437],
       [1442, 2178],
       [1698, 2189],
       [1686, 2450]]), array([[1442, 2178],
       [1454, 1944],
       [1710, 1955],
       [1698, 2189]]), array([[1663, 2946],
       [1674, 2711],
       [1907, 2724],
       [1897, 2960]]), array([[1674, 2711],
       [1686, 2450],
       [1918, 2462],
       [1907, 2724]]), array([[1686, 2450],
       [1698, 2189],
       [1929, 2200],
       [1918, 2462]]), array([[1698, 2189],
       [1710, 1955],
       [1939, 1964],
       [1929, 2200]])]