Big box:
[array([1396, 2902]), array([1425, 1934]), array([2401, 1955]), array([2396, 2950])]

Small boxes:
[array([[1396, 2902],
       [1403, 2673],
       [1638, 2683],
       [1633, 2913]]), array([[1403, 2673],
       [1410, 2418],
       [1644, 2426],
       [1638, 2683]]), array([[1410, 2418],
       [1418, 2163],
       [1651, 2170],
       [1644, 2426]]), array([[1418, 2163],
       [1425, 1934],
       [1656, 1939],
       [1651, 2170]]), array([[1633, 2913],
       [1638, 2683],
       [1900, 2694],
       [1896, 2926]]), array([[1638, 2683],
       [1644, 2426],
       [1904, 2435],
       [1900, 2694]]), array([[1644, 2426],
       [1651, 2170],
       [1909, 2177],
       [1904, 2435]]), array([[1651, 2170],
       [1656, 1939],
       [1913, 1944],
       [1909, 2177]]), array([[1896, 2926],
       [1900, 2694],
       [2162, 2704],
       [2159, 2939]]), array([[1900, 2694],
       [1904, 2435],
       [2164, 2444],
       [2162, 2704]]), array([[1904, 2435],
       [1909, 2177],
       [2167, 2184],
       [2164, 2444]]), array([[1909, 2177],
       [1913, 1944],
       [2170, 1950],
       [2167, 2184]]), array([[2159, 2939],
       [2162, 2704],
       [2397, 2714],
       [2396, 2950]]), array([[2162, 2704],
       [2164, 2444],
       [2398, 2452],
       [2397, 2714]]), array([[2164, 2444],
       [2167, 2184],
       [2400, 2191],
       [2398, 2452]]), array([[2167, 2184],
       [2170, 1950],
       [2401, 1955],
       [2400, 2191]])]