Big box:
[array([1047, 2861]), array([1072, 1924]), array([2000, 1942]), array([1990, 2882])]

Small boxes:
[array([[1047, 2861],
       [1053, 2639],
       [1275, 2644],
       [1270, 2866]]), array([[1053, 2639],
       [1060, 2392],
       [1281, 2397],
       [1275, 2644]]), array([[1060, 2392],
       [1066, 2146],
       [1287, 2150],
       [1281, 2397]]), array([[1066, 2146],
       [1072, 1924],
       [1292, 1928],
       [1287, 2150]]), array([[1270, 2866],
       [1275, 2644],
       [1523, 2649],
       [1518, 2872]]), array([[1275, 2644],
       [1281, 2397],
       [1527, 2402],
       [1523, 2649]]), array([[1281, 2397],
       [1287, 2150],
       [1532, 2155],
       [1527, 2402]]), array([[1287, 2150],
       [1292, 1928],
       [1536, 1933],
       [1532, 2155]]), array([[1518, 2872],
       [1523, 2649],
       [1770, 2655],
       [1767, 2877]]), array([[1523, 2649],
       [1527, 2402],
       [1773, 2407],
       [1770, 2655]]), array([[1527, 2402],
       [1532, 2155],
       [1777, 2160],
       [1773, 2407]]), array([[1532, 2155],
       [1536, 1933],
       [1780, 1938],
       [1777, 2160]]), array([[1767, 2877],
       [1770, 2655],
       [1992, 2659],
       [1990, 2882]]), array([[1770, 2655],
       [1773, 2407],
       [1995, 2412],
       [1992, 2659]]), array([[1773, 2407],
       [1777, 2160],
       [1998, 2165],
       [1995, 2412]]), array([[1777, 2160],
       [1780, 1938],
       [2000, 1942],
       [1998, 2165]])]