Big box:
[array([1466, 2903]), array([1487, 1924]), array([2475, 1955]), array([2457, 2943])]

Small boxes:
[array([[1466, 2903],
       [1471, 2671],
       [1706, 2680],
       [1701, 2912]]), array([[1471, 2671],
       [1476, 2414],
       [1711, 2422],
       [1706, 2680]]), array([[1476, 2414],
       [1482, 2156],
       [1716, 2164],
       [1711, 2422]]), array([[1482, 2156],
       [1487, 1924],
       [1721, 1931],
       [1716, 2164]]), array([[1701, 2912],
       [1706, 2680],
       [1966, 2690],
       [1962, 2923]]), array([[1706, 2680],
       [1711, 2422],
       [1971, 2431],
       [1966, 2690]]), array([[1711, 2422],
       [1716, 2164],
       [1976, 2172],
       [1971, 2431]]), array([[1716, 2164],
       [1721, 1931],
       [1981, 1940],
       [1976, 2172]]), array([[1962, 2923],
       [1966, 2690],
       [2227, 2700],
       [2222, 2934]]), array([[1966, 2690],
       [1971, 2431],
       [2232, 2441],
       [2227, 2700]]), array([[1971, 2431],
       [1976, 2172],
       [2237, 2181],
       [2232, 2441]]), array([[1976, 2172],
       [1981, 1940],
       [2241, 1948],
       [2237, 2181]]), array([[2222, 2934],
       [2227, 2700],
       [2461, 2709],
       [2457, 2943]]), array([[2227, 2700],
       [2232, 2441],
       [2466, 2449],
       [2461, 2709]]), array([[2232, 2441],
       [2237, 2181],
       [2471, 2189],
       [2466, 2449]]), array([[2237, 2181],
       [2241, 1948],
       [2475, 1955],
       [2471, 2189]])]