Big box:
[array([1090, 2744]), array([1116, 1833]), array([2016, 1850]), array([2008, 2767])]

Small boxes:
[array([[1090, 2744],
       [1096, 2528],
       [1313, 2533],
       [1307, 2749]]), array([[1096, 2528],
       [1103, 2288],
       [1318, 2293],
       [1313, 2533]]), array([[1103, 2288],
       [1110, 2049],
       [1324, 2053],
       [1318, 2293]]), array([[1110, 2049],
       [1116, 1833],
       [1329, 1837],
       [1324, 2053]]), array([[1307, 2749],
       [1313, 2533],
       [1553, 2539],
       [1549, 2756]]), array([[1313, 2533],
       [1318, 2293],
       [1558, 2298],
       [1553, 2539]]), array([[1318, 2293],
       [1324, 2053],
       [1562, 2058],
       [1558, 2298]]), array([[1324, 2053],
       [1329, 1837],
       [1566, 1842],
       [1562, 2058]]), array([[1549, 2756],
       [1553, 2539],
       [1793, 2545],
       [1791, 2762]]), array([[1553, 2539],
       [1558, 2298],
       [1797, 2304],
       [1793, 2545]]), array([[1558, 2298],
       [1562, 2058],
       [1800, 2063],
       [1797, 2304]]), array([[1562, 2058],
       [1566, 1842],
       [1803, 1846],
       [1800, 2063]]), array([[1791, 2762],
       [1793, 2545],
       [2010, 2550],
       [2008, 2767]]), array([[1793, 2545],
       [1797, 2304],
       [2012, 2308],
       [2010, 2550]]), array([[1797, 2304],
       [1800, 2063],
       [2014, 2067],
       [2012, 2308]]), array([[1800, 2063],
       [1803, 1846],
       [2016, 1850],
       [2014, 2067]])]