Big box:
[array([ 994, 3010]), array([1033, 2046]), array([1969, 2060]), array([1969, 3033])]

Small boxes:
[array([[ 994, 3010],
       [1003, 2782],
       [1232, 2787],
       [1225, 3015]]), array([[1003, 2782],
       [1014, 2528],
       [1240, 2532],
       [1232, 2787]]), array([[1014, 2528],
       [1024, 2274],
       [1248, 2278],
       [1240, 2532]]), array([[1024, 2274],
       [1033, 2046],
       [1255, 2049],
       [1248, 2278]]), array([[1225, 3015],
       [1232, 2787],
       [1486, 2792],
       [1482, 3022]]), array([[1232, 2787],
       [1240, 2532],
       [1491, 2537],
       [1486, 2792]]), array([[1240, 2532],
       [1248, 2278],
       [1496, 2282],
       [1491, 2537]]), array([[1248, 2278],
       [1255, 2049],
       [1501, 2053],
       [1496, 2282]]), array([[1482, 3022],
       [1486, 2792],
       [1740, 2798],
       [1738, 3028]]), array([[1486, 2792],
       [1491, 2537],
       [1743, 2542],
       [1740, 2798]]), array([[1491, 2537],
       [1496, 2282],
       [1745, 2287],
       [1743, 2542]]), array([[1496, 2282],
       [1501, 2053],
       [1747, 2057],
       [1745, 2287]]), array([[1738, 3028],
       [1740, 2798],
       [1969, 2803],
       [1969, 3033]]), array([[1740, 2798],
       [1743, 2542],
       [1969, 2546],
       [1969, 2803]]), array([[1743, 2542],
       [1745, 2287],
       [1969, 2290],
       [1969, 2546]]), array([[1745, 2287],
       [1747, 2057],
       [1969, 2060],
       [1969, 2290]])]