Big box:
[array([1087, 3295]), array([1118, 2261]), array([2107, 2280]), array([2108, 3314])]

Small boxes:
[array([[1087, 3295],
       [1094, 3050],
       [1334, 3055],
       [1329, 3300]]), array([[1094, 3050],
       [1102, 2778],
       [1341, 2782],
       [1334, 3055]]), array([[1102, 2778],
       [1111, 2506],
       [1347, 2510],
       [1341, 2782]]), array([[1111, 2506],
       [1118, 2261],
       [1352, 2266],
       [1347, 2510]]), array([[1329, 3300],
       [1334, 3055],
       [1601, 3060],
       [1598, 3304]]), array([[1334, 3055],
       [1341, 2782],
       [1605, 2788],
       [1601, 3060]]), array([[1341, 2782],
       [1347, 2510],
       [1609, 2515],
       [1605, 2788]]), array([[1347, 2510],
       [1352, 2266],
       [1612, 2270],
       [1609, 2515]]), array([[1598, 3304],
       [1601, 3060],
       [1868, 3065],
       [1866, 3310]]), array([[1601, 3060],
       [1605, 2788],
       [1869, 2792],
       [1868, 3065]]), array([[1605, 2788],
       [1609, 2515],
       [1871, 2520],
       [1869, 2792]]), array([[1609, 2515],
       [1612, 2270],
       [1873, 2276],
       [1871, 2520]]), array([[1866, 3310],
       [1868, 3065],
       [2108, 3069],
       [2108, 3314]]), array([[1868, 3065],
       [1869, 2792],
       [2108, 2797],
       [2108, 3069]]), array([[1869, 2792],
       [1871, 2520],
       [2107, 2525],
       [2108, 2797]]), array([[1871, 2520],
       [1873, 2276],
       [2107, 2280],
       [2107, 2525]])]