Big box:
[array([1007, 2905]), array([1017, 1927]), array([1975, 1931]), array([1983, 2903])]

Small boxes:
[array([[1007, 2905],
       [1009, 2673],
       [1240, 2673],
       [1238, 2905]]), array([[1009, 2673],
       [1012, 2416],
       [1241, 2416],
       [1240, 2673]]), array([[1012, 2416],
       [1015, 2159],
       [1243, 2159],
       [1241, 2416]]), array([[1015, 2159],
       [1017, 1927],
       [1244, 1928],
       [1243, 2159]]), array([[1238, 2905],
       [1240, 2673],
       [1495, 2673],
       [1495, 2904]]), array([[1240, 2673],
       [1241, 2416],
       [1496, 2416],
       [1495, 2673]]), array([[1241, 2416],
       [1243, 2159],
       [1496, 2160],
       [1496, 2416]]), array([[1243, 2159],
       [1244, 1928],
       [1496, 1929],
       [1496, 2160]]), array([[1495, 2904],
       [1495, 2673],
       [1751, 2673],
       [1752, 2903]]), array([[1495, 2673],
       [1496, 2416],
       [1750, 2417],
       [1751, 2673]]), array([[1496, 2416],
       [1496, 2160],
       [1749, 2161],
       [1750, 2417]]), array([[1496, 2160],
       [1496, 1929],
       [1748, 1930],
       [1749, 2161]]), array([[1752, 2903],
       [1751, 2673],
       [1981, 2673],
       [1983, 2903]]), array([[1751, 2673],
       [1750, 2417],
       [1979, 2417],
       [1981, 2673]]), array([[1750, 2417],
       [1749, 2161],
       [1977, 2161],
       [1979, 2417]]), array([[1749, 2161],
       [1748, 1930],
       [1975, 1931],
       [1977, 2161]])]