Big box:
[array([ 973, 3010]), array([1022, 2048]), array([1963, 2078]), array([1953, 3049])]

Small boxes:
[array([[ 973, 3010],
       [ 985, 2782],
       [1215, 2791],
       [1205, 3019]]), array([[ 985, 2782],
       [ 998, 2529],
       [1225, 2537],
       [1215, 2791]]), array([[ 998, 2529],
       [1010, 2276],
       [1235, 2283],
       [1225, 2537]]), array([[1010, 2276],
       [1022, 2048],
       [1245, 2055],
       [1235, 2283]]), array([[1205, 3019],
       [1215, 2791],
       [1470, 2801],
       [1463, 3030]]), array([[1215, 2791],
       [1225, 2537],
       [1478, 2546],
       [1470, 2801]]), array([[1225, 2537],
       [1235, 2283],
       [1486, 2292],
       [1478, 2546]]), array([[1235, 2283],
       [1245, 2055],
       [1492, 2063],
       [1486, 2292]]), array([[1463, 3030],
       [1470, 2801],
       [1725, 2810],
       [1721, 3040]]), array([[1470, 2801],
       [1478, 2546],
       [1731, 2555],
       [1725, 2810]]), array([[1478, 2546],
       [1486, 2292],
       [1736, 2300],
       [1731, 2555]]), array([[1486, 2292],
       [1492, 2063],
       [1740, 2071],
       [1736, 2300]]), array([[1721, 3040],
       [1725, 2810],
       [1955, 2819],
       [1953, 3049]]), array([[1725, 2810],
       [1731, 2555],
       [1958, 2564],
       [1955, 2819]]), array([[1731, 2555],
       [1736, 2300],
       [1961, 2308],
       [1958, 2564]]), array([[1736, 2300],
       [1740, 2071],
       [1963, 2078],
       [1961, 2308]])]