Big box:
[array([ 975, 2692]), array([1001, 1467]), array([2240, 1488]), array([2210, 2719])]

Small boxes:
[array([[ 975, 2692],
       [ 981, 2402],
       [1274, 2408],
       [1268, 2698]]), array([[ 981, 2402],
       [ 988, 2080],
       [1281, 2085],
       [1274, 2408]]), array([[ 988, 2080],
       [ 995, 1757],
       [1288, 1762],
       [1281, 2085]]), array([[ 995, 1757],
       [1001, 1467],
       [1294, 1472],
       [1288, 1762]]), array([[1268, 2698],
       [1274, 2408],
       [1599, 2415],
       [1592, 2706]]), array([[1274, 2408],
       [1281, 2085],
       [1606, 2092],
       [1599, 2415]]), array([[1281, 2085],
       [1288, 1762],
       [1614, 1768],
       [1606, 2092]]), array([[1288, 1762],
       [1294, 1472],
       [1620, 1478],
       [1614, 1768]]), array([[1592, 2706],
       [1599, 2415],
       [1924, 2421],
       [1918, 2713]]), array([[1599, 2415],
       [1606, 2092],
       [1932, 2098],
       [1924, 2421]]), array([[1606, 2092],
       [1614, 1768],
       [1940, 1774],
       [1932, 2098]]), array([[1614, 1768],
       [1620, 1478],
       [1947, 1483],
       [1940, 1774]]), array([[1918, 2713],
       [1924, 2421],
       [2217, 2427],
       [2210, 2719]]), array([[1924, 2421],
       [1932, 2098],
       [2225, 2104],
       [2217, 2427]]), array([[1932, 2098],
       [1940, 1774],
       [2233, 1780],
       [2225, 2104]]), array([[1940, 1774],
       [1947, 1483],
       [2240, 1488],
       [2233, 1780]])]