Big box:
[array([ 926, 1512]), array([2045, 1491]), array([2065, 2614]), array([ 946, 2634])]

Small boxes:
[array([[ 926, 1512],
       [1191, 1507],
       [1196, 1773],
       [ 931, 1778]]), array([[1191, 1507],
       [1486, 1502],
       [1490, 1767],
       [1196, 1773]]), array([[1486, 1502],
       [1780, 1496],
       [1785, 1762],
       [1490, 1767]]), array([[1780, 1496],
       [2045, 1491],
       [2050, 1757],
       [1785, 1762]]), array([[ 931, 1778],
       [1196, 1773],
       [1201, 2068],
       [ 936, 2073]]), array([[1196, 1773],
       [1490, 1767],
       [1496, 2063],
       [1201, 2068]]), array([[1490, 1767],
       [1785, 1762],
       [1790, 2057],
       [1496, 2063]]), array([[1785, 1762],
       [2050, 1757],
       [2055, 2052],
       [1790, 2057]]), array([[ 936, 2073],
       [1201, 2068],
       [1206, 2363],
       [ 941, 2368]]), array([[1201, 2068],
       [1496, 2063],
       [1501, 2358],
       [1206, 2363]]), array([[1496, 2063],
       [1790, 2057],
       [1795, 2353],
       [1501, 2358]]), array([[1790, 2057],
       [2055, 2052],
       [2060, 2348],
       [1795, 2353]]), array([[ 941, 2368],
       [1206, 2363],
       [1211, 2629],
       [ 946, 2634]]), array([[1206, 2363],
       [1501, 2358],
       [1506, 2624],
       [1211, 2629]]), array([[1501, 2358],
       [1795, 2353],
       [1800, 2619],
       [1506, 2624]]), array([[1795, 2353],
       [2060, 2348],
       [2065, 2614],
       [1800, 2619]])]