Big box:
[array([ 993, 3191]), array([1047, 2164]), array([2014, 2208]), array([2011, 3201])]

Small boxes:
[array([[ 993, 3191],
       [1006, 2948],
       [1244, 2952],
       [1234, 3193]]), array([[1006, 2948],
       [1020, 2678],
       [1255, 2684],
       [1244, 2952]]), array([[1020, 2678],
       [1034, 2407],
       [1266, 2416],
       [1255, 2684]]), array([[1034, 2407],
       [1047, 2164],
       [1276, 2174],
       [1266, 2416]]), array([[1234, 3193],
       [1244, 2952],
       [1509, 2957],
       [1502, 3196]]), array([[1244, 2952],
       [1255, 2684],
       [1516, 2691],
       [1509, 2957]]), array([[1255, 2684],
       [1266, 2416],
       [1524, 2425],
       [1516, 2691]]), array([[1266, 2416],
       [1276, 2174],
       [1530, 2186],
       [1524, 2425]]), array([[1502, 3196],
       [1509, 2957],
       [1773, 2962],
       [1770, 3199]]), array([[1509, 2957],
       [1516, 2691],
       [1777, 2698],
       [1773, 2962]]), array([[1516, 2691],
       [1524, 2425],
       [1781, 2435],
       [1777, 2698]]), array([[1524, 2425],
       [1530, 2186],
       [1785, 2198],
       [1781, 2435]]), array([[1770, 3199],
       [1773, 2962],
       [2012, 2966],
       [2011, 3201]]), array([[1773, 2962],
       [1777, 2698],
       [2012, 2704],
       [2012, 2966]]), array([[1777, 2698],
       [1781, 2435],
       [2013, 2443],
       [2012, 2704]]), array([[1781, 2435],
       [1785, 2198],
       [2014, 2208],
       [2013, 2443]])]