Big box:
[array([ 872, 3269]), array([ 917, 2232]), array([1922, 2241]), array([1915, 3296])]

Small boxes:
[array([[ 872, 3269],
       [ 883, 3023],
       [1128, 3029],
       [1119, 3275]]), array([[ 883, 3023],
       [ 894, 2750],
       [1137, 2755],
       [1128, 3029]]), array([[ 894, 2750],
       [ 906, 2478],
       [1146, 2481],
       [1137, 2755]]), array([[ 906, 2478],
       [ 917, 2232],
       [1155, 2234],
       [1146, 2481]]), array([[1119, 3275],
       [1128, 3029],
       [1400, 3035],
       [1394, 3282]]), array([[1128, 3029],
       [1137, 2755],
       [1406, 2760],
       [1400, 3035]]), array([[1137, 2755],
       [1146, 2481],
       [1413, 2484],
       [1406, 2760]]), array([[1146, 2481],
       [1155, 2234],
       [1420, 2236],
       [1413, 2484]]), array([[1394, 3282],
       [1400, 3035],
       [1672, 3041],
       [1668, 3290]]), array([[1400, 3035],
       [1406, 2760],
       [1676, 2764],
       [1672, 3041]]), array([[1406, 2760],
       [1413, 2484],
       [1680, 2488],
       [1676, 2764]]), array([[1413, 2484],
       [1420, 2236],
       [1684, 2239],
       [1680, 2488]]), array([[1668, 3290],
       [1672, 3041],
       [1917, 3046],
       [1915, 3296]]), array([[1672, 3041],
       [1676, 2764],
       [1918, 2768],
       [1917, 3046]]), array([[1676, 2764],
       [1680, 2488],
       [1920, 2491],
       [1918, 2768]]), array([[1680, 2488],
       [1684, 2239],
       [1922, 2241],
       [1920, 2491]])]