Big box:
[array([ 970, 2905]), array([1009, 1970]), array([1914, 1991]), array([1911, 2917])]

Small boxes:
[array([[ 970, 2905],
       [ 979, 2684],
       [1200, 2687],
       [1193, 2908]]), array([[ 979, 2684],
       [ 990, 2438],
       [1208, 2441],
       [1200, 2687]]), array([[ 990, 2438],
       [1000, 2191],
       [1216, 2196],
       [1208, 2441]]), array([[1000, 2191],
       [1009, 1970],
       [1223, 1975],
       [1216, 2196]]), array([[1193, 2908],
       [1200, 2687],
       [1445, 2691],
       [1440, 2911]]), array([[1200, 2687],
       [1208, 2441],
       [1451, 2446],
       [1445, 2691]]), array([[1208, 2441],
       [1216, 2196],
       [1457, 2201],
       [1451, 2446]]), array([[1216, 2196],
       [1223, 1975],
       [1462, 1980],
       [1457, 2201]]), array([[1440, 2911],
       [1445, 2691],
       [1691, 2694],
       [1688, 2914]]), array([[1445, 2691],
       [1451, 2446],
       [1694, 2450],
       [1691, 2694]]), array([[1451, 2446],
       [1457, 2201],
       [1697, 2206],
       [1694, 2450]]), array([[1457, 2201],
       [1462, 1980],
       [1700, 1986],
       [1697, 2206]]), array([[1688, 2914],
       [1691, 2694],
       [1912, 2698],
       [1911, 2917]]), array([[1691, 2694],
       [1694, 2450],
       [1912, 2454],
       [1912, 2698]]), array([[1694, 2450],
       [1697, 2206],
       [1913, 2210],
       [1912, 2454]]), array([[1697, 2206],
       [1700, 1986],
       [1914, 1991],
       [1913, 2210]])]