Big box:
[array([ 942, 2800]), array([ 979, 1847]), array([1918, 1877]), array([1888, 2827])]

Small boxes:
[array([[ 942, 2800],
       [ 951, 2574],
       [1174, 2581],
       [1166, 2806]]), array([[ 951, 2574],
       [ 960, 2324],
       [1184, 2330],
       [1174, 2581]]), array([[ 960, 2324],
       [ 970, 2073],
       [1193, 2080],
       [1184, 2330]]), array([[ 970, 2073],
       [ 979, 1847],
       [1201, 1854],
       [1193, 2080]]), array([[1166, 2806],
       [1174, 2581],
       [1423, 2588],
       [1415, 2814]]), array([[1174, 2581],
       [1184, 2330],
       [1432, 2338],
       [1423, 2588]]), array([[1184, 2330],
       [1193, 2080],
       [1441, 2087],
       [1432, 2338]]), array([[1193, 2080],
       [1201, 1854],
       [1448, 1862],
       [1441, 2087]]), array([[1415, 2814],
       [1423, 2588],
       [1671, 2595],
       [1664, 2821]]), array([[1423, 2588],
       [1432, 2338],
       [1680, 2345],
       [1671, 2595]]), array([[1432, 2338],
       [1441, 2087],
       [1688, 2095],
       [1680, 2345]]), array([[1441, 2087],
       [1448, 1862],
       [1696, 1870],
       [1688, 2095]]), array([[1664, 2821],
       [1671, 2595],
       [1895, 2602],
       [1888, 2827]]), array([[1671, 2595],
       [1680, 2345],
       [1903, 2352],
       [1895, 2602]]), array([[1680, 2345],
       [1688, 2095],
       [1911, 2102],
       [1903, 2352]]), array([[1688, 2095],
       [1696, 1870],
       [1918, 1877],
       [1911, 2102]])]