Big box:
[array([ 980, 2792]), array([1013, 1817]), array([1972, 1834]), array([1963, 2813])]

Small boxes:
[array([[ 980, 2792],
       [ 988, 2561],
       [1219, 2566],
       [1213, 2797]]), array([[ 988, 2561],
       [ 996, 2304],
       [1226, 2309],
       [1219, 2566]]), array([[ 996, 2304],
       [1005, 2048],
       [1234, 2052],
       [1226, 2309]]), array([[1005, 2048],
       [1013, 1817],
       [1240, 1821],
       [1234, 2052]]), array([[1213, 2797],
       [1219, 2566],
       [1476, 2571],
       [1472, 2802]]), array([[1219, 2566],
       [1226, 2309],
       [1482, 2314],
       [1476, 2571]]), array([[1226, 2309],
       [1234, 2052],
       [1488, 2057],
       [1482, 2314]]), array([[1234, 2052],
       [1240, 1821],
       [1492, 1826],
       [1488, 2057]]), array([[1472, 2802],
       [1476, 2571],
       [1734, 2576],
       [1730, 2808]]), array([[1476, 2571],
       [1482, 2314],
       [1738, 2319],
       [1734, 2576]]), array([[1482, 2314],
       [1488, 2057],
       [1741, 2062],
       [1738, 2319]]), array([[1488, 2057],
       [1492, 1826],
       [1745, 1830],
       [1741, 2062]]), array([[1730, 2808],
       [1734, 2576],
       [1965, 2581],
       [1963, 2813]]), array([[1734, 2576],
       [1738, 2319],
       [1968, 2324],
       [1965, 2581]]), array([[1738, 2319],
       [1741, 2062],
       [1970, 2066],
       [1968, 2324]]), array([[1741, 2062],
       [1745, 1830],
       [1972, 1834],
       [1970, 2066]])]