Big box:
[array([1008, 1326]), array([2136, 1281]), array([2171, 2396]), array([1064, 2446])]

Small boxes:
[array([[1008, 1326],
       [1275, 1315],
       [1287, 1580],
       [1021, 1591]]), array([[1275, 1315],
       [1572, 1304],
       [1583, 1568],
       [1287, 1580]]), array([[1572, 1304],
       [1869, 1292],
       [1878, 1556],
       [1583, 1568]]), array([[1869, 1292],
       [2136, 1281],
       [2144, 1545],
       [1878, 1556]]), array([[1021, 1591],
       [1287, 1580],
       [1301, 1875],
       [1036, 1886]]), array([[1287, 1580],
       [1583, 1568],
       [1595, 1862],
       [1301, 1875]]), array([[1583, 1568],
       [1878, 1556],
       [1889, 1850],
       [1595, 1862]]), array([[1878, 1556],
       [2144, 1545],
       [2154, 1838],
       [1889, 1850]]), array([[1036, 1886],
       [1301, 1875],
       [1314, 2169],
       [1051, 2181]]), array([[1301, 1875],
       [1595, 1862],
       [1607, 2156],
       [1314, 2169]]), array([[1595, 1862],
       [1889, 1850],
       [1899, 2143],
       [1607, 2156]]), array([[1889, 1850],
       [2154, 1838],
       [2163, 2132],
       [1899, 2143]]), array([[1051, 2181],
       [1314, 2169],
       [1326, 2434],
       [1064, 2446]]), array([[1314, 2169],
       [1607, 2156],
       [1618, 2421],
       [1326, 2434]]), array([[1607, 2156],
       [1899, 2143],
       [1909, 2408],
       [1618, 2421]]), array([[1899, 2143],
       [2163, 2132],
       [2171, 2396],
       [1909, 2408]])]