Big box:
[array([ 838, 3144]), array([ 907, 2131]), array([1882, 2176]), array([1843, 3188])]

Small boxes:
[array([[ 838, 3144],
       [ 854, 2904],
       [1091, 2915],
       [1076, 3154]]), array([[ 854, 2904],
       [ 872, 2638],
       [1107, 2648],
       [1091, 2915]]), array([[ 872, 2638],
       [ 891, 2371],
       [1123, 2382],
       [1107, 2648]]), array([[ 891, 2371],
       [ 907, 2131],
       [1138, 2142],
       [1123, 2382]]), array([[1076, 3154],
       [1091, 2915],
       [1353, 2926],
       [1340, 3166]]), array([[1091, 2915],
       [1107, 2648],
       [1368, 2660],
       [1353, 2926]]), array([[1107, 2648],
       [1123, 2382],
       [1382, 2393],
       [1368, 2660]]), array([[1123, 2382],
       [1138, 2142],
       [1394, 2154],
       [1382, 2393]]), array([[1340, 3166],
       [1353, 2926],
       [1616, 2938],
       [1605, 3178]]), array([[1353, 2926],
       [1368, 2660],
       [1628, 2671],
       [1616, 2938]]), array([[1368, 2660],
       [1382, 2393],
       [1640, 2405],
       [1628, 2671]]), array([[1382, 2393],
       [1394, 2154],
       [1651, 2165],
       [1640, 2405]]), array([[1605, 3178],
       [1616, 2938],
       [1852, 2948],
       [1843, 3188]]), array([[1616, 2938],
       [1628, 2671],
       [1862, 2682],
       [1852, 2948]]), array([[1628, 2671],
       [1640, 2405],
       [1873, 2416],
       [1862, 2682]]), array([[1640, 2405],
       [1651, 2165],
       [1882, 2176],
       [1873, 2416]])]