Big box:
[array([1114, 3268]), array([1163, 2265]), array([2119, 2295]), array([2118, 3305])]

Small boxes:
[array([[1114, 3268],
       [1126, 3030],
       [1361, 3039],
       [1352, 3277]]), array([[1126, 3030],
       [1138, 2766],
       [1371, 2774],
       [1361, 3039]]), array([[1138, 2766],
       [1151, 2503],
       [1381, 2510],
       [1371, 2774]]), array([[1151, 2503],
       [1163, 2265],
       [1389, 2272],
       [1381, 2510]]), array([[1352, 3277],
       [1361, 3039],
       [1622, 3048],
       [1616, 3286]]), array([[1361, 3039],
       [1371, 2774],
       [1628, 2783],
       [1622, 3048]]), array([[1371, 2774],
       [1381, 2510],
       [1635, 2518],
       [1628, 2783]]), array([[1381, 2510],
       [1389, 2272],
       [1641, 2280],
       [1635, 2518]]), array([[1616, 3286],
       [1622, 3048],
       [1883, 3057],
       [1880, 3296]]), array([[1622, 3048],
       [1628, 2783],
       [1886, 2792],
       [1883, 3057]]), array([[1628, 2783],
       [1635, 2518],
       [1890, 2527],
       [1886, 2792]]), array([[1635, 2518],
       [1641, 2280],
       [1893, 2288],
       [1890, 2527]]), array([[1880, 3296],
       [1883, 3057],
       [2118, 3066],
       [2118, 3305]]), array([[1883, 3057],
       [1886, 2792],
       [2118, 2800],
       [2118, 3066]]), array([[1886, 2792],
       [1890, 2527],
       [2119, 2534],
       [2118, 2800]]), array([[1890, 2527],
       [1893, 2288],
       [2119, 2295],
       [2119, 2534]])]