Big box:
[array([1084, 2827]), array([1104, 1905]), array([2021, 1919]), array([2008, 2850])]

Small boxes:
[array([[1084, 2827],
       [1089, 2609],
       [1307, 2614],
       [1303, 2832]]), array([[1089, 2609],
       [1094, 2366],
       [1312, 2370],
       [1307, 2614]]), array([[1094, 2366],
       [1099, 2123],
       [1317, 2127],
       [1312, 2370]]), array([[1099, 2123],
       [1104, 1905],
       [1321, 1908],
       [1317, 2127]]), array([[1303, 2832],
       [1307, 2614],
       [1550, 2619],
       [1546, 2838]]), array([[1307, 2614],
       [1312, 2370],
       [1554, 2375],
       [1550, 2619]]), array([[1312, 2370],
       [1317, 2127],
       [1559, 2131],
       [1554, 2375]]), array([[1317, 2127],
       [1321, 1908],
       [1562, 1912],
       [1559, 2131]]), array([[1546, 2838],
       [1550, 2619],
       [1793, 2625],
       [1789, 2845]]), array([[1550, 2619],
       [1554, 2375],
       [1796, 2380],
       [1793, 2625]]), array([[1554, 2375],
       [1559, 2131],
       [1800, 2136],
       [1796, 2380]]), array([[1559, 2131],
       [1562, 1912],
       [1804, 1916],
       [1800, 2136]]), array([[1789, 2845],
       [1793, 2625],
       [2011, 2630],
       [2008, 2850]]), array([[1793, 2625],
       [1796, 2380],
       [2014, 2384],
       [2011, 2630]]), array([[1796, 2380],
       [1800, 2136],
       [2018, 2140],
       [2014, 2384]]), array([[1800, 2136],
       [1804, 1916],
       [2021, 1919],
       [2018, 2140]])]