Big box:
[array([ 969, 3050]), array([1025, 2072]), array([1964, 2103]), array([1959, 3075])]

Small boxes:
[array([[ 969, 3050],
       [ 982, 2818],
       [1214, 2825],
       [1203, 3056]]), array([[ 982, 2818],
       [ 997, 2561],
       [1225, 2568],
       [1214, 2825]]), array([[ 997, 2561],
       [1012, 2304],
       [1237, 2311],
       [1225, 2568]]), array([[1012, 2304],
       [1025, 2072],
       [1247, 2079],
       [1237, 2311]]), array([[1203, 3056],
       [1214, 2825],
       [1471, 2832],
       [1464, 3062]]), array([[1214, 2825],
       [1225, 2568],
       [1479, 2575],
       [1471, 2832]]), array([[1225, 2568],
       [1237, 2311],
       [1487, 2318],
       [1479, 2575]]), array([[1237, 2311],
       [1247, 2079],
       [1494, 2088],
       [1487, 2318]]), array([[1464, 3062],
       [1471, 2832],
       [1729, 2839],
       [1725, 3069]]), array([[1471, 2832],
       [1479, 2575],
       [1733, 2582],
       [1729, 2839]]), array([[1479, 2575],
       [1487, 2318],
       [1738, 2326],
       [1733, 2582]]), array([[1487, 2318],
       [1494, 2088],
       [1742, 2096],
       [1738, 2326]]), array([[1725, 3069],
       [1729, 2839],
       [1960, 2845],
       [1959, 3075]]), array([[1729, 2839],
       [1733, 2582],
       [1962, 2589],
       [1960, 2845]]), array([[1733, 2582],
       [1738, 2326],
       [1963, 2333],
       [1962, 2589]]), array([[1738, 2326],
       [1742, 2096],
       [1964, 2103],
       [1963, 2333]])]