Big box:
[array([1106, 2780]), array([1144, 1802]), array([2114, 1837]), array([2094, 2809])]

Small boxes:
[array([[1106, 2780],
       [1115, 2548],
       [1348, 2556],
       [1340, 2787]]), array([[1115, 2548],
       [1125, 2291],
       [1357, 2299],
       [1348, 2556]]), array([[1125, 2291],
       [1135, 2034],
       [1366, 2042],
       [1357, 2299]]), array([[1135, 2034],
       [1144, 1802],
       [1374, 1810],
       [1366, 2042]]), array([[1340, 2787],
       [1348, 2556],
       [1607, 2564],
       [1600, 2794]]), array([[1348, 2556],
       [1357, 2299],
       [1614, 2307],
       [1607, 2564]]), array([[1357, 2299],
       [1366, 2042],
       [1622, 2050],
       [1614, 2307]]), array([[1366, 2042],
       [1374, 1810],
       [1629, 1820],
       [1622, 2050]]), array([[1600, 2794],
       [1607, 2564],
       [1866, 2572],
       [1860, 2802]]), array([[1607, 2564],
       [1614, 2307],
       [1872, 2315],
       [1866, 2572]]), array([[1614, 2307],
       [1622, 2050],
       [1879, 2059],
       [1872, 2315]]), array([[1622, 2050],
       [1629, 1820],
       [1884, 1829],
       [1879, 2059]]), array([[1860, 2802],
       [1866, 2572],
       [2099, 2579],
       [2094, 2809]]), array([[1866, 2572],
       [1872, 2315],
       [2104, 2323],
       [2099, 2579]]), array([[1872, 2315],
       [1879, 2059],
       [2109, 2067],
       [2104, 2323]]), array([[1879, 2059],
       [1884, 1829],
       [2114, 1837],
       [2109, 2067]])]