Big box:
[array([ 971, 1387]), array([2116, 1370]), array([2141, 2494]), array([1005, 2532])]

Small boxes:
[array([[ 971, 1387],
       [1242, 1383],
       [1250, 1653],
       [ 979, 1658]]), array([[1242, 1383],
       [1544, 1378],
       [1550, 1647],
       [1250, 1653]]), array([[1544, 1378],
       [1845, 1374],
       [1851, 1641],
       [1550, 1647]]), array([[1845, 1374],
       [2116, 1370],
       [2122, 1636],
       [1851, 1641]]), array([[ 979, 1658],
       [1250, 1653],
       [1258, 1953],
       [ 988, 1960]]), array([[1250, 1653],
       [1550, 1647],
       [1558, 1946],
       [1258, 1953]]), array([[1550, 1647],
       [1851, 1641],
       [1858, 1939],
       [1558, 1946]]), array([[1851, 1641],
       [2122, 1636],
       [2128, 1932],
       [1858, 1939]]), array([[ 988, 1960],
       [1258, 1953],
       [1267, 2253],
       [ 997, 2261]]), array([[1258, 1953],
       [1558, 1946],
       [1566, 2244],
       [1267, 2253]]), array([[1558, 1946],
       [1858, 1939],
       [1866, 2236],
       [1566, 2244]]), array([[1858, 1939],
       [2128, 1932],
       [2135, 2228],
       [1866, 2236]]), array([[ 997, 2261],
       [1267, 2253],
       [1274, 2523],
       [1005, 2532]]), array([[1267, 2253],
       [1566, 2244],
       [1573, 2513],
       [1274, 2523]]), array([[1566, 2244],
       [1866, 2236],
       [1872, 2503],
       [1573, 2513]]), array([[1866, 2236],
       [2135, 2228],
       [2141, 2494],
       [1872, 2503]])]