Big box:
[array([1182, 1284]), array([2374, 1263]), array([2386, 2454]), array([1197, 2462])]

Small boxes:
[array([[1182, 1284],
       [1464, 1279],
       [1468, 1559],
       [1186, 1563]]), array([[1464, 1279],
       [1778, 1274],
       [1781, 1554],
       [1468, 1559]]), array([[1778, 1274],
       [2092, 1268],
       [2095, 1549],
       [1781, 1554]]), array([[2092, 1268],
       [2374, 1263],
       [2377, 1545],
       [2095, 1549]]), array([[1186, 1563],
       [1468, 1559],
       [1471, 1870],
       [1190, 1873]]), array([[1468, 1559],
       [1781, 1554],
       [1785, 1866],
       [1471, 1870]]), array([[1781, 1554],
       [2095, 1549],
       [2098, 1862],
       [1785, 1866]]), array([[2095, 1549],
       [2377, 1545],
       [2380, 1858],
       [2098, 1862]]), array([[1190, 1873],
       [1471, 1870],
       [1475, 2180],
       [1193, 2183]]), array([[1471, 1870],
       [1785, 1866],
       [1788, 2177],
       [1475, 2180]]), array([[1785, 1866],
       [2098, 1862],
       [2101, 2175],
       [1788, 2177]]), array([[2098, 1862],
       [2380, 1858],
       [2383, 2172],
       [2101, 2175]]), array([[1193, 2183],
       [1475, 2180],
       [1479, 2460],
       [1197, 2462]]), array([[1475, 2180],
       [1788, 2177],
       [1792, 2458],
       [1479, 2460]]), array([[1788, 2177],
       [2101, 2175],
       [2104, 2456],
       [1792, 2458]]), array([[2101, 2175],
       [2383, 2172],
       [2386, 2454],
       [2104, 2456]])]