Big box:
[array([1374, 1644]), array([2524, 1624]), array([2553, 2782]), array([1387, 2775])]

Small boxes:
[array([[1374, 1644],
       [1646, 1639],
       [1650, 1909],
       [1377, 1912]]), array([[1646, 1639],
       [1949, 1634],
       [1954, 1905],
       [1650, 1909]]), array([[1949, 1634],
       [2252, 1629],
       [2258, 1901],
       [1954, 1905]]), array([[2252, 1629],
       [2524, 1624],
       [2531, 1898],
       [2258, 1901]]), array([[1377, 1912],
       [1650, 1909],
       [1655, 2208],
       [1380, 2210]]), array([[1650, 1909],
       [1954, 1905],
       [1960, 2206],
       [1655, 2208]]), array([[1954, 1905],
       [2258, 1901],
       [2264, 2205],
       [1960, 2206]]), array([[2258, 1901],
       [2531, 1898],
       [2538, 2203],
       [2264, 2205]]), array([[1380, 2210],
       [1655, 2208],
       [1659, 2507],
       [1384, 2507]]), array([[1655, 2208],
       [1960, 2206],
       [1965, 2507],
       [1659, 2507]]), array([[1960, 2206],
       [2264, 2205],
       [2271, 2508],
       [1965, 2507]]), array([[2264, 2205],
       [2538, 2203],
       [2546, 2508],
       [2271, 2508]]), array([[1384, 2507],
       [1659, 2507],
       [1663, 2777],
       [1387, 2775]]), array([[1659, 2507],
       [1965, 2507],
       [1970, 2778],
       [1663, 2777]]), array([[1965, 2507],
       [2271, 2508],
       [2277, 2780],
       [1970, 2778]]), array([[2271, 2508],
       [2546, 2508],
       [2553, 2782],
       [2277, 2780]])]