Big box:
[array([1017, 2970]), array([1031, 2023]), array([1968, 2018]), array([1972, 2984])]

Small boxes:
[array([[1017, 2970],
       [1020, 2746],
       [1245, 2748],
       [1243, 2973]]), array([[1020, 2746],
       [1024, 2496],
       [1248, 2498],
       [1245, 2748]]), array([[1024, 2496],
       [1028, 2247],
       [1251, 2247],
       [1248, 2498]]), array([[1028, 2247],
       [1031, 2023],
       [1253, 2022],
       [1251, 2247]]), array([[1243, 2973],
       [1245, 2748],
       [1496, 2750],
       [1494, 2977]]), array([[1245, 2748],
       [1248, 2498],
       [1497, 2499],
       [1496, 2750]]), array([[1248, 2498],
       [1251, 2247],
       [1498, 2247],
       [1497, 2499]]), array([[1251, 2247],
       [1253, 2022],
       [1500, 2020],
       [1498, 2247]]), array([[1494, 2977],
       [1496, 2750],
       [1746, 2753],
       [1746, 2981]]), array([[1496, 2750],
       [1497, 2499],
       [1746, 2500],
       [1746, 2753]]), array([[1497, 2499],
       [1498, 2247],
       [1746, 2247],
       [1746, 2500]]), array([[1498, 2247],
       [1500, 2020],
       [1746, 2019],
       [1746, 2247]]), array([[1746, 2981],
       [1746, 2753],
       [1971, 2755],
       [1972, 2984]]), array([[1746, 2753],
       [1746, 2500],
       [1970, 2501],
       [1971, 2755]]), array([[1746, 2500],
       [1746, 2247],
       [1969, 2247],
       [1970, 2501]]), array([[1746, 2247],
       [1746, 2019],
       [1968, 2018],
       [1969, 2247]])]