Big box:
[array([ 967, 2521]), array([ 989, 1351]), array([2156, 1379]), array([2134, 2537])]

Small boxes:
[array([[ 967, 2521],
       [ 972, 2244],
       [1249, 2248],
       [1243, 2525]]), array([[ 972, 2244],
       [ 978, 1936],
       [1254, 1941],
       [1249, 2248]]), array([[ 978, 1936],
       [ 984, 1628],
       [1260, 1634],
       [1254, 1941]]), array([[ 984, 1628],
       [ 989, 1351],
       [1265, 1358],
       [1260, 1634]]), array([[1243, 2525],
       [1249, 2248],
       [1556, 2253],
       [1550, 2529]]), array([[1249, 2248],
       [1254, 1941],
       [1562, 1947],
       [1556, 2253]]), array([[1254, 1941],
       [1260, 1634],
       [1567, 1641],
       [1562, 1947]]), array([[1260, 1634],
       [1265, 1358],
       [1572, 1365],
       [1567, 1641]]), array([[1550, 2529],
       [1556, 2253],
       [1863, 2258],
       [1858, 2533]]), array([[1556, 2253],
       [1562, 1947],
       [1869, 1953],
       [1863, 2258]]), array([[1562, 1947],
       [1567, 1641],
       [1874, 1647],
       [1869, 1953]]), array([[1567, 1641],
       [1572, 1365],
       [1880, 1372],
       [1874, 1647]]), array([[1858, 2533],
       [1863, 2258],
       [2139, 2263],
       [2134, 2537]]), array([[1863, 2258],
       [1869, 1953],
       [2145, 1958],
       [2139, 2263]]), array([[1869, 1953],
       [1874, 1647],
       [2151, 1653],
       [2145, 1958]]), array([[1874, 1647],
       [1880, 1372],
       [2156, 1379],
       [2151, 1653]])]