Big box:
[array([ 929, 2948]), array([ 996, 1955]), array([1959, 2005]), array([1929, 2987])]

Small boxes:
[array([[ 929, 2948],
       [ 945, 2713],
       [1180, 2723],
       [1166, 2957]]), array([[ 945, 2713],
       [ 962, 2452],
       [1195, 2462],
       [1180, 2723]]), array([[ 962, 2452],
       [ 980, 2190],
       [1210, 2201],
       [1195, 2462]]), array([[ 980, 2190],
       [ 996, 1955],
       [1224, 1967],
       [1210, 2201]]), array([[1166, 2957],
       [1180, 2723],
       [1440, 2734],
       [1429, 2968]]), array([[1180, 2723],
       [1195, 2462],
       [1453, 2474],
       [1440, 2734]]), array([[1195, 2462],
       [1210, 2201],
       [1466, 2214],
       [1453, 2474]]), array([[1210, 2201],
       [1224, 1967],
       [1478, 1980],
       [1466, 2214]]), array([[1429, 2968],
       [1440, 2734],
       [1701, 2745],
       [1692, 2978]]), array([[1440, 2734],
       [1453, 2474],
       [1712, 2485],
       [1701, 2745]]), array([[1453, 2474],
       [1466, 2214],
       [1722, 2226],
       [1712, 2485]]), array([[1466, 2214],
       [1478, 1980],
       [1731, 1993],
       [1722, 2226]]), array([[1692, 2978],
       [1701, 2745],
       [1936, 2754],
       [1929, 2987]]), array([[1701, 2745],
       [1712, 2485],
       [1944, 2496],
       [1936, 2754]]), array([[1712, 2485],
       [1722, 2226],
       [1952, 2238],
       [1944, 2496]]), array([[1722, 2226],
       [1731, 1993],
       [1959, 2005],
       [1952, 2238]])]