Big box:
[array([1038, 3024]), array([1084, 2048]), array([2043, 2068]), array([2030, 3062])]

Small boxes:
[array([[1038, 3024],
       [1049, 2793],
       [1282, 2801],
       [1273, 3033]]), array([[1049, 2793],
       [1061, 2536],
       [1292, 2543],
       [1282, 2801]]), array([[1061, 2536],
       [1073, 2279],
       [1302, 2285],
       [1292, 2543]]), array([[1073, 2279],
       [1084, 2048],
       [1311, 2053],
       [1302, 2285]]), array([[1273, 3033],
       [1282, 2801],
       [1541, 2810],
       [1534, 3043]]), array([[1282, 2801],
       [1292, 2543],
       [1549, 2550],
       [1541, 2810]]), array([[1292, 2543],
       [1302, 2285],
       [1557, 2291],
       [1549, 2550]]), array([[1302, 2285],
       [1311, 2053],
       [1564, 2058],
       [1557, 2291]]), array([[1534, 3043],
       [1541, 2810],
       [1800, 2819],
       [1795, 3053]]), array([[1541, 2810],
       [1549, 2550],
       [1805, 2558],
       [1800, 2819]]), array([[1549, 2550],
       [1557, 2291],
       [1811, 2298],
       [1805, 2558]]), array([[1557, 2291],
       [1564, 2058],
       [1816, 2063],
       [1811, 2298]]), array([[1795, 3053],
       [1800, 2819],
       [2033, 2827],
       [2030, 3062]]), array([[1800, 2819],
       [1805, 2558],
       [2036, 2565],
       [2033, 2827]]), array([[1805, 2558],
       [1811, 2298],
       [2040, 2303],
       [2036, 2565]]), array([[1811, 2298],
       [1816, 2063],
       [2043, 2068],
       [2040, 2303]])]