Big box:
[array([1094, 2806]), array([1135, 1862]), array([2065, 1904]), array([2035, 2839])]

Small boxes:
[array([[1094, 2806],
       [1104, 2582],
       [1326, 2591],
       [1317, 2814]]), array([[1104, 2582],
       [1114, 2334],
       [1336, 2343],
       [1326, 2591]]), array([[1114, 2334],
       [1125, 2086],
       [1346, 2095],
       [1336, 2343]]), array([[1125, 2086],
       [1135, 1862],
       [1355, 1872],
       [1346, 2095]]), array([[1317, 2814],
       [1326, 2591],
       [1573, 2600],
       [1564, 2822]]), array([[1326, 2591],
       [1336, 2343],
       [1582, 2353],
       [1573, 2600]]), array([[1336, 2343],
       [1346, 2095],
       [1592, 2106],
       [1582, 2353]]), array([[1346, 2095],
       [1355, 1872],
       [1600, 1883],
       [1592, 2106]]), array([[1564, 2822],
       [1573, 2600],
       [1820, 2609],
       [1812, 2831]]), array([[1573, 2600],
       [1582, 2353],
       [1828, 2363],
       [1820, 2609]]), array([[1582, 2353],
       [1592, 2106],
       [1837, 2116],
       [1828, 2363]]), array([[1592, 2106],
       [1600, 1883],
       [1845, 1894],
       [1837, 2116]]), array([[1812, 2831],
       [1820, 2609],
       [2042, 2618],
       [2035, 2839]]), array([[1820, 2609],
       [1828, 2363],
       [2050, 2372],
       [2042, 2618]]), array([[1828, 2363],
       [1837, 2116],
       [2058, 2125],
       [2050, 2372]]), array([[1837, 2116],
       [1845, 1894],
       [2065, 1904],
       [2058, 2125]])]