Big box:
[array([ 967, 1386]), array([2096, 1353]), array([2119, 2482]), array([1003, 2509])]

Small boxes:
[array([[ 967, 1386],
       [1234, 1378],
       [1242, 1644],
       [ 976, 1652]]), array([[1234, 1378],
       [1532, 1370],
       [1538, 1636],
       [1242, 1644]]), array([[1532, 1370],
       [1829, 1361],
       [1835, 1628],
       [1538, 1636]]), array([[1829, 1361],
       [2096, 1353],
       [2101, 1620],
       [1835, 1628]]), array([[ 976, 1652],
       [1242, 1644],
       [1251, 1940],
       [ 985, 1948]]), array([[1242, 1644],
       [1538, 1636],
       [1546, 1932],
       [1251, 1940]]), array([[1538, 1636],
       [1835, 1628],
       [1842, 1925],
       [1546, 1932]]), array([[1835, 1628],
       [2101, 1620],
       [2108, 1918],
       [1842, 1925]]), array([[ 985, 1948],
       [1251, 1940],
       [1260, 2236],
       [ 994, 2243]]), array([[1251, 1940],
       [1546, 1932],
       [1554, 2229],
       [1260, 2236]]), array([[1546, 1932],
       [1842, 1925],
       [1849, 2221],
       [1554, 2229]]), array([[1842, 1925],
       [2108, 1918],
       [2114, 2215],
       [1849, 2221]]), array([[ 994, 2243],
       [1260, 2236],
       [1267, 2503],
       [1003, 2509]]), array([[1260, 2236],
       [1554, 2229],
       [1561, 2496],
       [1267, 2503]]), array([[1554, 2229],
       [1849, 2221],
       [1855, 2488],
       [1561, 2496]]), array([[1849, 2221],
       [2114, 2215],
       [2119, 2482],
       [1855, 2488]])]