Big box:
[array([1094, 2889]), array([1132, 1919]), array([2094, 1945]), array([2079, 2927])]

Small boxes:
[array([[1094, 2889],
       [1103, 2659],
       [1335, 2668],
       [1327, 2898]]), array([[1103, 2659],
       [1113, 2404],
       [1344, 2412],
       [1335, 2668]]), array([[1113, 2404],
       [1123, 2149],
       [1352, 2156],
       [1344, 2412]]), array([[1123, 2149],
       [1132, 1919],
       [1360, 1925],
       [1352, 2156]]), array([[1327, 2898],
       [1335, 2668],
       [1593, 2677],
       [1586, 2908]]), array([[1335, 2668],
       [1344, 2412],
       [1600, 2420],
       [1593, 2677]]), array([[1344, 2412],
       [1352, 2156],
       [1607, 2163],
       [1600, 2420]]), array([[1352, 2156],
       [1360, 1925],
       [1613, 1932],
       [1607, 2163]]), array([[1586, 2908],
       [1593, 2677],
       [1851, 2686],
       [1846, 2918]]), array([[1593, 2677],
       [1600, 2420],
       [1856, 2428],
       [1851, 2686]]), array([[1600, 2420],
       [1607, 2163],
       [1861, 2171],
       [1856, 2428]]), array([[1607, 2163],
       [1613, 1932],
       [1866, 1939],
       [1861, 2171]]), array([[1846, 2918],
       [1851, 2686],
       [2083, 2694],
       [2079, 2927]]), array([[1851, 2686],
       [1856, 2428],
       [2086, 2436],
       [2083, 2694]]), array([[1856, 2428],
       [1861, 2171],
       [2090, 2178],
       [2086, 2436]]), array([[1861, 2171],
       [1866, 1939],
       [2094, 1945],
       [2090, 2178]])]