Big box:
[array([1083, 3209]), array([1113, 2220]), array([2058, 2243]), array([2056, 3231])]

Small boxes:
[array([[1083, 3209],
       [1090, 2975],
       [1319, 2980],
       [1313, 3214]]), array([[1090, 2975],
       [1098, 2714],
       [1325, 2720],
       [1319, 2980]]), array([[1098, 2714],
       [1106, 2454],
       [1331, 2460],
       [1325, 2720]]), array([[1106, 2454],
       [1113, 2220],
       [1337, 2225],
       [1331, 2460]]), array([[1313, 3214],
       [1319, 2980],
       [1573, 2986],
       [1570, 3220]]), array([[1319, 2980],
       [1325, 2720],
       [1578, 2726],
       [1573, 2986]]), array([[1325, 2720],
       [1331, 2460],
       [1582, 2466],
       [1578, 2726]]), array([[1331, 2460],
       [1337, 2225],
       [1586, 2232],
       [1582, 2466]]), array([[1570, 3220],
       [1573, 2986],
       [1828, 2992],
       [1826, 3226]]), array([[1573, 2986],
       [1578, 2726],
       [1830, 2732],
       [1828, 2992]]), array([[1578, 2726],
       [1582, 2466],
       [1832, 2472],
       [1830, 2732]]), array([[1582, 2466],
       [1586, 2232],
       [1834, 2238],
       [1832, 2472]]), array([[1826, 3226],
       [1828, 2992],
       [2056, 2997],
       [2056, 3231]]), array([[1828, 2992],
       [1830, 2732],
       [2057, 2737],
       [2056, 2997]]), array([[1830, 2732],
       [1832, 2472],
       [2058, 2477],
       [2057, 2737]]), array([[1832, 2472],
       [1834, 2238],
       [2058, 2243],
       [2058, 2477]])]