Big box:
[array([ 930, 2994]), array([ 985, 1990]), array([1960, 2042]), array([1913, 3030])]

Small boxes:
[array([[ 930, 2994],
       [ 943, 2756],
       [1175, 2766],
       [1163, 3003]]), array([[ 943, 2756],
       [ 958, 2492],
       [1189, 2502],
       [1175, 2766]]), array([[ 958, 2492],
       [ 972, 2228],
       [1203, 2239],
       [1189, 2502]]), array([[ 972, 2228],
       [ 985, 1990],
       [1216, 2002],
       [1203, 2239]]), array([[1163, 3003],
       [1175, 2766],
       [1434, 2776],
       [1422, 3012]]), array([[1175, 2766],
       [1189, 2502],
       [1447, 2514],
       [1434, 2776]]), array([[1189, 2502],
       [1203, 2239],
       [1460, 2252],
       [1447, 2514]]), array([[1203, 2239],
       [1216, 2002],
       [1472, 2016],
       [1460, 2252]]), array([[1422, 3012],
       [1434, 2776],
       [1692, 2787],
       [1680, 3021]]), array([[1434, 2776],
       [1447, 2514],
       [1705, 2526],
       [1692, 2787]]), array([[1447, 2514],
       [1460, 2252],
       [1717, 2265],
       [1705, 2526]]), array([[1460, 2252],
       [1472, 2016],
       [1729, 2030],
       [1717, 2265]]), array([[1680, 3021],
       [1692, 2787],
       [1924, 2796],
       [1913, 3030]]), array([[1692, 2787],
       [1705, 2526],
       [1936, 2536],
       [1924, 2796]]), array([[1705, 2526],
       [1717, 2265],
       [1949, 2276],
       [1936, 2536]]), array([[1717, 2265],
       [1729, 2030],
       [1960, 2042],
       [1949, 2276]])]