Big box:
[array([1083, 2757]), array([1131, 1827]), array([2043, 1859]), array([2025, 2796])]

Small boxes:
[array([[1083, 2757],
       [1094, 2537],
       [1316, 2546],
       [1306, 2766]]), array([[1094, 2537],
       [1107, 2292],
       [1327, 2300],
       [1316, 2546]]), array([[1107, 2292],
       [1120, 2047],
       [1337, 2055],
       [1327, 2300]]), array([[1120, 2047],
       [1131, 1827],
       [1347, 1835],
       [1337, 2055]]), array([[1306, 2766],
       [1316, 2546],
       [1562, 2555],
       [1554, 2776]]), array([[1316, 2546],
       [1327, 2300],
       [1570, 2310],
       [1562, 2555]]), array([[1327, 2300],
       [1337, 2055],
       [1579, 2064],
       [1570, 2310]]), array([[1337, 2055],
       [1347, 1835],
       [1587, 1843],
       [1579, 2064]]), array([[1554, 2776],
       [1562, 2555],
       [1808, 2565],
       [1802, 2787]]), array([[1562, 2555],
       [1570, 2310],
       [1814, 2319],
       [1808, 2565]]), array([[1570, 2310],
       [1579, 2064],
       [1821, 2073],
       [1814, 2319]]), array([[1579, 2064],
       [1587, 1843],
       [1827, 1851],
       [1821, 2073]]), array([[1802, 2787],
       [1808, 2565],
       [2029, 2574],
       [2025, 2796]]), array([[1808, 2565],
       [1814, 2319],
       [2034, 2328],
       [2029, 2574]]), array([[1814, 2319],
       [1821, 2073],
       [2039, 2081],
       [2034, 2328]]), array([[1821, 2073],
       [1827, 1851],
       [2043, 1859],
       [2039, 2081]])]