Big box:
[array([1197, 1643]), array([2318, 1632]), array([2341, 2753]), array([1205, 2762])]

Small boxes:
[array([[1197, 1643],
       [1462, 1640],
       [1465, 1906],
       [1199, 1908]]), array([[1462, 1640],
       [1758, 1638],
       [1761, 1903],
       [1465, 1906]]), array([[1758, 1638],
       [2052, 1635],
       [2057, 1900],
       [1761, 1903]]), array([[2052, 1635],
       [2318, 1632],
       [2323, 1898],
       [2057, 1900]]), array([[1199, 1908],
       [1465, 1906],
       [1468, 2200],
       [1201, 2202]]), array([[1465, 1906],
       [1761, 1903],
       [1765, 2198],
       [1468, 2200]]), array([[1761, 1903],
       [2057, 1900],
       [2062, 2195],
       [1765, 2198]]), array([[2057, 1900],
       [2323, 1898],
       [2330, 2192],
       [2062, 2195]]), array([[1201, 2202],
       [1468, 2200],
       [1471, 2495],
       [1203, 2497]]), array([[1468, 2200],
       [1765, 2198],
       [1769, 2492],
       [1471, 2495]]), array([[1765, 2198],
       [2062, 2195],
       [2067, 2490],
       [1769, 2492]]), array([[2062, 2195],
       [2330, 2192],
       [2336, 2488],
       [2067, 2490]]), array([[1203, 2497],
       [1471, 2495],
       [1474, 2760],
       [1205, 2762]]), array([[1471, 2495],
       [1769, 2492],
       [1773, 2758],
       [1474, 2760]]), array([[1769, 2492],
       [2067, 2490],
       [2072, 2755],
       [1773, 2758]]), array([[2067, 2490],
       [2336, 2488],
       [2341, 2753],
       [2072, 2755]])]