Big box:
[array([1035, 2962]), array([1046, 1920]), array([2067, 1922]), array([2079, 2964])]

Small boxes:
[array([[1035, 2962],
       [1038, 2715],
       [1284, 2716],
       [1282, 2962]]), array([[1038, 2715],
       [1040, 2441],
       [1285, 2441],
       [1284, 2716]]), array([[1040, 2441],
       [1043, 2167],
       [1287, 2167],
       [1285, 2441]]), array([[1043, 2167],
       [1046, 1920],
       [1288, 1920],
       [1287, 2167]]), array([[1282, 2962],
       [1284, 2716],
       [1557, 2716],
       [1557, 2963]]), array([[1284, 2716],
       [1285, 2441],
       [1557, 2442],
       [1557, 2716]]), array([[1285, 2441],
       [1287, 2167],
       [1557, 2168],
       [1557, 2442]]), array([[1287, 2167],
       [1288, 1920],
       [1556, 1921],
       [1557, 2168]]), array([[1557, 2963],
       [1557, 2716],
       [1830, 2717],
       [1832, 2964]]), array([[1557, 2716],
       [1557, 2442],
       [1828, 2443],
       [1830, 2717]]), array([[1557, 2442],
       [1557, 2168],
       [1827, 2168],
       [1828, 2443]]), array([[1557, 2168],
       [1556, 1921],
       [1825, 1922],
       [1827, 2168]]), array([[1832, 2964],
       [1830, 2717],
       [2076, 2717],
       [2079, 2964]]), array([[1830, 2717],
       [1828, 2443],
       [2073, 2443],
       [2076, 2717]]), array([[1828, 2443],
       [1827, 2168],
       [2070, 2169],
       [2073, 2443]]), array([[1827, 2168],
       [1825, 1922],
       [2067, 1922],
       [2070, 2169]])]