Big box:
[array([1136, 2206]), array([2103, 2203]), array([2124, 3220]), array([1121, 3208])]

Small boxes:
[array([[1136, 2206],
       [1365, 2205],
       [1363, 2443],
       [1132, 2443]]), array([[1365, 2205],
       [1620, 2204],
       [1620, 2444],
       [1363, 2443]]), array([[1620, 2204],
       [1874, 2204],
       [1877, 2444],
       [1620, 2444]]), array([[1874, 2204],
       [2103, 2203],
       [2108, 2444],
       [1877, 2444]]), array([[1132, 2443],
       [1363, 2443],
       [1362, 2708],
       [1128, 2707]]), array([[1363, 2443],
       [1620, 2444],
       [1621, 2709],
       [1362, 2708]]), array([[1620, 2444],
       [1877, 2444],
       [1880, 2710],
       [1621, 2709]]), array([[1877, 2444],
       [2108, 2444],
       [2114, 2712],
       [1880, 2710]]), array([[1128, 2707],
       [1362, 2708],
       [1360, 2973],
       [1125, 2971]]), array([[1362, 2708],
       [1621, 2709],
       [1622, 2975],
       [1360, 2973]]), array([[1621, 2709],
       [1880, 2710],
       [1883, 2977],
       [1622, 2975]]), array([[1880, 2710],
       [2114, 2712],
       [2119, 2979],
       [1883, 2977]]), array([[1125, 2971],
       [1360, 2973],
       [1359, 3211],
       [1121, 3208]]), array([[1360, 2973],
       [1622, 2975],
       [1622, 3214],
       [1359, 3211]]), array([[1622, 2975],
       [1883, 2977],
       [1886, 3217],
       [1622, 3214]]), array([[1883, 2977],
       [2119, 2979],
       [2124, 3220],
       [1886, 3217]])]