Big box:
[array([1080, 3040]), array([1126, 2049]), array([2084, 2078]), array([2077, 3070])]

Small boxes:
[array([[1080, 3040],
       [1091, 2805],
       [1325, 2812],
       [1316, 3047]]), array([[1091, 2805],
       [1103, 2544],
       [1335, 2551],
       [1325, 2812]]), array([[1103, 2544],
       [1115, 2284],
       [1344, 2291],
       [1335, 2551]]), array([[1115, 2284],
       [1126, 2049],
       [1353, 2056],
       [1344, 2291]]), array([[1316, 3047],
       [1325, 2812],
       [1585, 2820],
       [1578, 3055]]), array([[1325, 2812],
       [1335, 2551],
       [1592, 2559],
       [1585, 2820]]), array([[1335, 2551],
       [1344, 2291],
       [1599, 2298],
       [1592, 2559]]), array([[1344, 2291],
       [1353, 2056],
       [1605, 2064],
       [1599, 2298]]), array([[1578, 3055],
       [1585, 2820],
       [1845, 2828],
       [1841, 3063]]), array([[1585, 2820],
       [1592, 2559],
       [1849, 2567],
       [1845, 2828]]), array([[1592, 2559],
       [1599, 2298],
       [1853, 2306],
       [1849, 2567]]), array([[1599, 2298],
       [1605, 2064],
       [1857, 2071],
       [1853, 2306]]), array([[1841, 3063],
       [1845, 2828],
       [2079, 2835],
       [2077, 3070]]), array([[1845, 2828],
       [1849, 2567],
       [2080, 2574],
       [2079, 2835]]), array([[1849, 2567],
       [1853, 2306],
       [2082, 2313],
       [2080, 2574]]), array([[1853, 2306],
       [1857, 2071],
       [2084, 2078],
       [2082, 2313]])]