Big box:
[array([ 687, 2700]), array([ 719, 1457]), array([1963, 1497]), array([1929, 2725])]

Small boxes:
[array([[ 687, 2700],
       [ 695, 2406],
       [ 989, 2412],
       [ 981, 2706]]), array([[ 695, 2406],
       [ 703, 2078],
       [ 997, 2086],
       [ 989, 2412]]), array([[ 703, 2078],
       [ 711, 1751],
       [1006, 1760],
       [ 997, 2086]]), array([[ 711, 1751],
       [ 719, 1457],
       [1014, 1466],
       [1006, 1760]]), array([[ 981, 2706],
       [ 989, 2412],
       [1316, 2420],
       [1308, 2712]]), array([[ 989, 2412],
       [ 997, 2086],
       [1324, 2095],
       [1316, 2420]]), array([[ 997, 2086],
       [1006, 1760],
       [1333, 1770],
       [1324, 2095]]), array([[1006, 1760],
       [1014, 1466],
       [1341, 1477],
       [1333, 1770]]), array([[1308, 2712],
       [1316, 2420],
       [1643, 2427],
       [1635, 2719]]), array([[1316, 2420],
       [1324, 2095],
       [1652, 2103],
       [1643, 2427]]), array([[1324, 2095],
       [1333, 1770],
       [1660, 1779],
       [1652, 2103]]), array([[1333, 1770],
       [1341, 1477],
       [1668, 1488],
       [1660, 1779]]), array([[1635, 2719],
       [1643, 2427],
       [1937, 2434],
       [1929, 2725]]), array([[1643, 2427],
       [1652, 2103],
       [1946, 2111],
       [1937, 2434]]), array([[1652, 2103],
       [1660, 1779],
       [1955, 1788],
       [1946, 2111]]), array([[1660, 1779],
       [1668, 1488],
       [1963, 1497],
       [1955, 1788]])]