Big box:
[array([1184, 3025]), array([1217, 2045]), array([2175, 2072]), array([2157, 3063])]

Small boxes:
[array([[1184, 3025],
       [1192, 2793],
       [1421, 2801],
       [1414, 3034]]), array([[1192, 2793],
       [1200, 2535],
       [1429, 2543],
       [1421, 2801]]), array([[1200, 2535],
       [1209, 2277],
       [1437, 2284],
       [1429, 2543]]), array([[1209, 2277],
       [1217, 2045],
       [1444, 2051],
       [1437, 2284]]), array([[1414, 3034],
       [1421, 2801],
       [1677, 2811],
       [1670, 3044]]), array([[1421, 2801],
       [1429, 2543],
       [1683, 2551],
       [1677, 2811]]), array([[1429, 2543],
       [1437, 2284],
       [1690, 2292],
       [1683, 2551]]), array([[1437, 2284],
       [1444, 2051],
       [1696, 2058],
       [1690, 2292]]), array([[1670, 3044],
       [1677, 2811],
       [1932, 2820],
       [1927, 3054]]), array([[1677, 2811],
       [1683, 2551],
       [1937, 2560],
       [1932, 2820]]), array([[1683, 2551],
       [1690, 2292],
       [1943, 2300],
       [1937, 2560]]), array([[1690, 2292],
       [1696, 2058],
       [1948, 2066],
       [1943, 2300]]), array([[1927, 3054],
       [1932, 2820],
       [2161, 2828],
       [2157, 3063]]), array([[1932, 2820],
       [1937, 2560],
       [2166, 2568],
       [2161, 2828]]), array([[1937, 2560],
       [1943, 2300],
       [2171, 2307],
       [2166, 2568]]), array([[1943, 2300],
       [1948, 2066],
       [2175, 2072],
       [2171, 2307]])]