Big box:
[array([ 984, 1831]), array([1977, 1840]), array([1989, 2842]), array([ 966, 2851])]

Small boxes:
[array([[ 984, 1831],
       [1219, 1833],
       [1217, 2074],
       [ 980, 2073]]), array([[1219, 1833],
       [1480, 1836],
       [1480, 2075],
       [1217, 2074]]), array([[1480, 1836],
       [1742, 1838],
       [1743, 2076],
       [1480, 2075]]), array([[1742, 1838],
       [1977, 1840],
       [1980, 2077],
       [1743, 2076]]), array([[ 980, 2073],
       [1217, 2074],
       [1214, 2341],
       [ 975, 2341]]), array([[1217, 2074],
       [1480, 2075],
       [1479, 2341],
       [1214, 2341]]), array([[1480, 2075],
       [1743, 2076],
       [1744, 2341],
       [1479, 2341]]), array([[1743, 2076],
       [1980, 2077],
       [1983, 2341],
       [1744, 2341]]), array([[ 975, 2341],
       [1214, 2341],
       [1211, 2608],
       [ 970, 2609]]), array([[1214, 2341],
       [1479, 2341],
       [1478, 2607],
       [1211, 2608]]), array([[1479, 2341],
       [1744, 2341],
       [1746, 2606],
       [1478, 2607]]), array([[1744, 2341],
       [1983, 2341],
       [1986, 2605],
       [1746, 2606]]), array([[ 970, 2609],
       [1211, 2608],
       [1208, 2849],
       [ 966, 2851]]), array([[1211, 2608],
       [1478, 2607],
       [1478, 2846],
       [1208, 2849]]), array([[1478, 2607],
       [1746, 2606],
       [1747, 2844],
       [1478, 2846]]), array([[1746, 2606],
       [1986, 2605],
       [1989, 2842],
       [1747, 2844]])]