Big box:
[array([1049, 2983]), array([1101, 1992]), array([2074, 2035]), array([2037, 3032])]

Small boxes:
[array([[1049, 2983],
       [1061, 2748],
       [1294, 2760],
       [1283, 2995]]), array([[1061, 2748],
       [1075, 2488],
       [1307, 2498],
       [1294, 2760]]), array([[1075, 2488],
       [1089, 2227],
       [1320, 2237],
       [1307, 2498]]), array([[1089, 2227],
       [1101, 1992],
       [1331, 2002],
       [1320, 2237]]), array([[1283, 2995],
       [1294, 2760],
       [1554, 2772],
       [1543, 3008]]), array([[1294, 2760],
       [1307, 2498],
       [1565, 2510],
       [1554, 2772]]), array([[1307, 2498],
       [1320, 2237],
       [1577, 2249],
       [1565, 2510]]), array([[1320, 2237],
       [1331, 2002],
       [1588, 2014],
       [1577, 2249]]), array([[1543, 3008],
       [1554, 2772],
       [1813, 2785],
       [1803, 3020]]), array([[1554, 2772],
       [1565, 2510],
       [1823, 2523],
       [1813, 2785]]), array([[1565, 2510],
       [1577, 2249],
       [1834, 2261],
       [1823, 2523]]), array([[1577, 2249],
       [1588, 2014],
       [1844, 2025],
       [1834, 2261]]), array([[1803, 3020],
       [1813, 2785],
       [2046, 2796],
       [2037, 3032]]), array([[1813, 2785],
       [1823, 2523],
       [2056, 2534],
       [2046, 2796]]), array([[1823, 2523],
       [1834, 2261],
       [2065, 2271],
       [2056, 2534]]), array([[1834, 2261],
       [1844, 2025],
       [2074, 2035],
       [2065, 2271]])]