Big box:
[array([ 961, 2021]), array([1890, 2024]), array([1896, 2969]), array([ 949, 2972])]

Small boxes:
[array([[ 961, 2021],
       [1181, 2022],
       [1179, 2247],
       [ 958, 2246]]), array([[1181, 2022],
       [1426, 2022],
       [1425, 2247],
       [1179, 2247]]), array([[1426, 2022],
       [1670, 2023],
       [1670, 2247],
       [1425, 2247]]), array([[1670, 2023],
       [1890, 2024],
       [1891, 2248],
       [1670, 2247]]), array([[ 958, 2246],
       [1179, 2247],
       [1177, 2496],
       [ 955, 2496]]), array([[1179, 2247],
       [1425, 2247],
       [1424, 2496],
       [1177, 2496]]), array([[1425, 2247],
       [1670, 2247],
       [1671, 2496],
       [1424, 2496]]), array([[1670, 2247],
       [1891, 2248],
       [1893, 2496],
       [1671, 2496]]), array([[ 955, 2496],
       [1177, 2496],
       [1175, 2746],
       [ 952, 2747]]), array([[1177, 2496],
       [1424, 2496],
       [1423, 2746],
       [1175, 2746]]), array([[1424, 2496],
       [1671, 2496],
       [1671, 2746],
       [1423, 2746]]), array([[1671, 2496],
       [1893, 2496],
       [1895, 2745],
       [1671, 2746]]), array([[ 952, 2747],
       [1175, 2746],
       [1173, 2971],
       [ 949, 2972]]), array([[1175, 2746],
       [1423, 2746],
       [1422, 2970],
       [1173, 2971]]), array([[1423, 2746],
       [1671, 2746],
       [1672, 2970],
       [1422, 2970]]), array([[1671, 2746],
       [1895, 2745],
       [1896, 2969],
       [1672, 2970]])]