Big box:
[array([1018, 2884]), array([1036, 1953]), array([1942, 1959]), array([1957, 2884])]

Small boxes:
[array([[1018, 2884],
       [1022, 2664],
       [1243, 2664],
       [1240, 2884]]), array([[1022, 2664],
       [1027, 2418],
       [1245, 2419],
       [1243, 2664]]), array([[1027, 2418],
       [1032, 2174],
       [1248, 2175],
       [1245, 2419]]), array([[1032, 2174],
       [1036, 1953],
       [1251, 1954],
       [1248, 2175]]), array([[1240, 2884],
       [1243, 2664],
       [1488, 2664],
       [1488, 2884]]), array([[1243, 2664],
       [1245, 2419],
       [1488, 2420],
       [1488, 2664]]), array([[1245, 2419],
       [1248, 2175],
       [1489, 2176],
       [1488, 2420]]), array([[1248, 2175],
       [1251, 1954],
       [1489, 1956],
       [1489, 2176]]), array([[1488, 2884],
       [1488, 2664],
       [1733, 2665],
       [1735, 2884]]), array([[1488, 2664],
       [1488, 2420],
       [1731, 2421],
       [1733, 2665]]), array([[1488, 2420],
       [1489, 2176],
       [1729, 2177],
       [1731, 2421]]), array([[1489, 2176],
       [1489, 1956],
       [1727, 1958],
       [1729, 2177]]), array([[1735, 2884],
       [1733, 2665],
       [1953, 2665],
       [1957, 2884]]), array([[1733, 2665],
       [1731, 2421],
       [1950, 2422],
       [1953, 2665]]), array([[1731, 2421],
       [1729, 2177],
       [1946, 2178],
       [1950, 2422]]), array([[1729, 2177],
       [1727, 1958],
       [1942, 1959],
       [1946, 2178]])]