Big box:
[array([1177, 3025]), array([1199, 2031]), array([2174, 2047]), array([2167, 3046])]

Small boxes:
[array([[1177, 3025],
       [1182, 2790],
       [1416, 2794],
       [1411, 3030]]), array([[1182, 2790],
       [1188, 2528],
       [1421, 2532],
       [1416, 2794]]), array([[1188, 2528],
       [1194, 2266],
       [1426, 2270],
       [1421, 2532]]), array([[1194, 2266],
       [1199, 2031],
       [1430, 2035],
       [1426, 2270]]), array([[1411, 3030],
       [1416, 2794],
       [1675, 2799],
       [1672, 3036]]), array([[1416, 2794],
       [1421, 2532],
       [1679, 2537],
       [1675, 2799]]), array([[1421, 2532],
       [1426, 2270],
       [1683, 2275],
       [1679, 2537]]), array([[1426, 2270],
       [1430, 2035],
       [1686, 2039],
       [1683, 2275]]), array([[1672, 3036],
       [1675, 2799],
       [1935, 2805],
       [1933, 3041]]), array([[1675, 2799],
       [1679, 2537],
       [1938, 2542],
       [1935, 2805]]), array([[1679, 2537],
       [1683, 2275],
       [1941, 2280],
       [1938, 2542]]), array([[1683, 2275],
       [1686, 2039],
       [1943, 2043],
       [1941, 2280]]), array([[1933, 3041],
       [1935, 2805],
       [2169, 2809],
       [2167, 3046]]), array([[1935, 2805],
       [1938, 2542],
       [2170, 2546],
       [2169, 2809]]), array([[1938, 2542],
       [1941, 2280],
       [2172, 2284],
       [2170, 2546]]), array([[1941, 2280],
       [1943, 2043],
       [2174, 2047],
       [2172, 2284]])]