Big box:
[array([1151, 2910]), array([1185, 1936]), array([2149, 1963]), array([2127, 2947])]

Small boxes:
[array([[1151, 2910],
       [1159, 2679],
       [1390, 2688],
       [1382, 2919]]), array([[1159, 2679],
       [1168, 2423],
       [1398, 2431],
       [1390, 2688]]), array([[1168, 2423],
       [1177, 2167],
       [1406, 2174],
       [1398, 2431]]), array([[1177, 2167],
       [1185, 1936],
       [1413, 1942],
       [1406, 2174]]), array([[1382, 2919],
       [1390, 2688],
       [1646, 2697],
       [1639, 2928]]), array([[1390, 2688],
       [1398, 2431],
       [1653, 2439],
       [1646, 2697]]), array([[1398, 2431],
       [1406, 2174],
       [1660, 2181],
       [1653, 2439]]), array([[1406, 2174],
       [1413, 1942],
       [1667, 1950],
       [1660, 2181]]), array([[1639, 2928],
       [1646, 2697],
       [1902, 2706],
       [1896, 2938]]), array([[1646, 2697],
       [1653, 2439],
       [1908, 2447],
       [1902, 2706]]), array([[1653, 2439],
       [1660, 2181],
       [1915, 2189],
       [1908, 2447]]), array([[1660, 2181],
       [1667, 1950],
       [1921, 1957],
       [1915, 2189]]), array([[1896, 2938],
       [1902, 2706],
       [2132, 2714],
       [2127, 2947]]), array([[1902, 2706],
       [1908, 2447],
       [2138, 2455],
       [2132, 2714]]), array([[1908, 2447],
       [1915, 2189],
       [2144, 2196],
       [2138, 2455]]), array([[1915, 2189],
       [1921, 1957],
       [2149, 1963],
       [2144, 2196]])]