Big box:
[array([1098, 3033]), array([1113, 2059]), array([2065, 2056]), array([2083, 3035])]

Small boxes:
[array([[1098, 3033],
       [1102, 2802],
       [1333, 2803],
       [1331, 3033]]), array([[1102, 2802],
       [1106, 2546],
       [1335, 2546],
       [1333, 2803]]), array([[1106, 2546],
       [1109, 2290],
       [1337, 2289],
       [1335, 2546]]), array([[1109, 2290],
       [1113, 2059],
       [1338, 2058],
       [1337, 2289]]), array([[1331, 3033],
       [1333, 2803],
       [1590, 2803],
       [1590, 3034]]), array([[1333, 2803],
       [1335, 2546],
       [1590, 2546],
       [1590, 2803]]), array([[1335, 2546],
       [1337, 2289],
       [1589, 2289],
       [1590, 2546]]), array([[1337, 2289],
       [1338, 2058],
       [1589, 2058],
       [1589, 2289]]), array([[1590, 3034],
       [1590, 2803],
       [1847, 2803],
       [1850, 3035]]), array([[1590, 2803],
       [1590, 2546],
       [1845, 2546],
       [1847, 2803]]), array([[1590, 2546],
       [1589, 2289],
       [1842, 2288],
       [1845, 2546]]), array([[1589, 2289],
       [1589, 2058],
       [1840, 2057],
       [1842, 2288]]), array([[1850, 3035],
       [1847, 2803],
       [2079, 2803],
       [2083, 3035]]), array([[1847, 2803],
       [1845, 2546],
       [2074, 2546],
       [2079, 2803]]), array([[1845, 2546],
       [1842, 2288],
       [2069, 2288],
       [2074, 2546]]), array([[1842, 2288],
       [1840, 2057],
       [2065, 2056],
       [2069, 2288]])]