Big box:
[array([1022, 1534]), array([2172, 1516]), array([2182, 2669]), array([1037, 2678])]

Small boxes:
[array([[1022, 1534],
       [1294, 1530],
       [1298, 1801],
       [1026, 1805]]), array([[1294, 1530],
       [1597, 1525],
       [1600, 1797],
       [1298, 1801]]), array([[1597, 1525],
       [1900, 1520],
       [1902, 1793],
       [1600, 1797]]), array([[1900, 1520],
       [2172, 1516],
       [2174, 1789],
       [1902, 1793]]), array([[1026, 1805],
       [1298, 1801],
       [1301, 2103],
       [1030, 2106]]), array([[1298, 1801],
       [1600, 1797],
       [1603, 2099],
       [1301, 2103]]), array([[1600, 1797],
       [1902, 1793],
       [1905, 2096],
       [1603, 2099]]), array([[1902, 1793],
       [2174, 1789],
       [2177, 2092],
       [1905, 2096]]), array([[1030, 2106],
       [1301, 2103],
       [1305, 2404],
       [1033, 2407]]), array([[1301, 2103],
       [1603, 2099],
       [1607, 2401],
       [1305, 2404]]), array([[1603, 2099],
       [1905, 2096],
       [1908, 2399],
       [1607, 2401]]), array([[1905, 2096],
       [2177, 2092],
       [2180, 2396],
       [1908, 2399]]), array([[1033, 2407],
       [1305, 2404],
       [1308, 2676],
       [1037, 2678]]), array([[1305, 2404],
       [1607, 2401],
       [1610, 2674],
       [1308, 2676]]), array([[1607, 2401],
       [1908, 2399],
       [1911, 2671],
       [1610, 2674]]), array([[1908, 2399],
       [2180, 2396],
       [2182, 2669],
       [1911, 2671]])]