Big box:
[array([1031, 2821]), array([1058, 1878]), array([1979, 1899]), array([1973, 2833])]

Small boxes:
[array([[1031, 2821],
       [1037, 2598],
       [1259, 2601],
       [1254, 2824]]), array([[1037, 2598],
       [1044, 2350],
       [1265, 2353],
       [1259, 2601]]), array([[1044, 2350],
       [1052, 2101],
       [1271, 2106],
       [1265, 2353]]), array([[1052, 2101],
       [1058, 1878],
       [1276, 1883],
       [1271, 2106]]), array([[1254, 2824],
       [1259, 2601],
       [1506, 2605],
       [1502, 2827]]), array([[1259, 2601],
       [1265, 2353],
       [1510, 2358],
       [1506, 2605]]), array([[1265, 2353],
       [1271, 2106],
       [1515, 2111],
       [1510, 2358]]), array([[1271, 2106],
       [1276, 1883],
       [1518, 1888],
       [1515, 2111]]), array([[1502, 2827],
       [1506, 2605],
       [1752, 2608],
       [1750, 2830]]), array([[1506, 2605],
       [1510, 2358],
       [1755, 2362],
       [1752, 2608]]), array([[1510, 2358],
       [1515, 2111],
       [1758, 2116],
       [1755, 2362]]), array([[1515, 2111],
       [1518, 1888],
       [1761, 1894],
       [1758, 2116]]), array([[1750, 2830],
       [1752, 2608],
       [1974, 2612],
       [1973, 2833]]), array([[1752, 2608],
       [1755, 2362],
       [1976, 2366],
       [1974, 2612]]), array([[1755, 2362],
       [1758, 2116],
       [1978, 2120],
       [1976, 2366]]), array([[1758, 2116],
       [1761, 1894],
       [1979, 1899],
       [1978, 2120]])]