Big box:
[array([ 844, 2914]), array([ 913, 1924]), array([1881, 1974]), array([1843, 2957])]

Small boxes:
[array([[ 844, 2914],
       [ 860, 2680],
       [1095, 2690],
       [1081, 2924]]), array([[ 860, 2680],
       [ 878, 2419],
       [1111, 2430],
       [1095, 2690]]), array([[ 878, 2419],
       [ 897, 2158],
       [1128, 2170],
       [1111, 2430]]), array([[ 897, 2158],
       [ 913, 1924],
       [1142, 1936],
       [1128, 2170]]), array([[1081, 2924],
       [1095, 2690],
       [1356, 2702],
       [1344, 2936]]), array([[1095, 2690],
       [1111, 2430],
       [1370, 2442],
       [1356, 2702]]), array([[1111, 2430],
       [1128, 2170],
       [1384, 2183],
       [1370, 2442]]), array([[1128, 2170],
       [1142, 1936],
       [1397, 1949],
       [1384, 2183]]), array([[1344, 2936],
       [1356, 2702],
       [1617, 2714],
       [1606, 2947]]), array([[1356, 2702],
       [1370, 2442],
       [1629, 2454],
       [1617, 2714]]), array([[1370, 2442],
       [1384, 2183],
       [1641, 2195],
       [1629, 2454]]), array([[1384, 2183],
       [1397, 1949],
       [1652, 1962],
       [1641, 2195]]), array([[1606, 2947],
       [1617, 2714],
       [1852, 2724],
       [1843, 2957]]), array([[1617, 2714],
       [1629, 2454],
       [1862, 2466],
       [1852, 2724]]), array([[1629, 2454],
       [1641, 2195],
       [1872, 2207],
       [1862, 2466]]), array([[1641, 2195],
       [1652, 1962],
       [1881, 1974],
       [1872, 2207]])]