Big box:
[array([ 875, 2719]), array([ 911, 1472]), array([2152, 1505]), array([2125, 2749])]

Small boxes:
[array([[ 875, 2719],
       [ 884, 2424],
       [1179, 2431],
       [1171, 2726]]), array([[ 884, 2424],
       [ 893, 2096],
       [1188, 2103],
       [1179, 2431]]), array([[ 893, 2096],
       [ 902, 1767],
       [1197, 1775],
       [1188, 2103]]), array([[ 902, 1767],
       [ 911, 1472],
       [1205, 1480],
       [1197, 1775]]), array([[1171, 2726],
       [1179, 2431],
       [1507, 2439],
       [1500, 2734]]), array([[1179, 2431],
       [1188, 2103],
       [1516, 2111],
       [1507, 2439]]), array([[1188, 2103],
       [1197, 1775],
       [1524, 1783],
       [1516, 2111]]), array([[1197, 1775],
       [1205, 1480],
       [1532, 1488],
       [1524, 1783]]), array([[1500, 2734],
       [1507, 2439],
       [1836, 2447],
       [1829, 2742]]), array([[1507, 2439],
       [1516, 2111],
       [1844, 2120],
       [1836, 2447]]), array([[1516, 2111],
       [1524, 1783],
       [1851, 1792],
       [1844, 2120]]), array([[1524, 1783],
       [1532, 1488],
       [1858, 1497],
       [1851, 1792]]), array([[1829, 2742],
       [1836, 2447],
       [2131, 2454],
       [2125, 2749]]), array([[1836, 2447],
       [1844, 2120],
       [2138, 2127],
       [2131, 2454]]), array([[1844, 2120],
       [1851, 1792],
       [2146, 1800],
       [2138, 2127]]), array([[1851, 1792],
       [1858, 1497],
       [2152, 1505],
       [2146, 1800]])]