Big box:
[array([ 752, 2666]), array([ 776, 1527]), array([1913, 1551]), array([1896, 2678])]

Small boxes:
[array([[ 752, 2666],
       [ 758, 2396],
       [1028, 2400],
       [1023, 2669]]), array([[ 758, 2396],
       [ 764, 2096],
       [1034, 2101],
       [1028, 2400]]), array([[ 764, 2096],
       [ 770, 1797],
       [1040, 1802],
       [1034, 2101]]), array([[ 770, 1797],
       [ 776, 1527],
       [1045, 1533],
       [1040, 1802]]), array([[1023, 2669],
       [1028, 2400],
       [1329, 2404],
       [1324, 2672]]), array([[1028, 2400],
       [1034, 2101],
       [1334, 2106],
       [1329, 2404]]), array([[1034, 2101],
       [1040, 1802],
       [1340, 1807],
       [1334, 2106]]), array([[1040, 1802],
       [1045, 1533],
       [1344, 1539],
       [1340, 1807]]), array([[1324, 2672],
       [1329, 2404],
       [1629, 2408],
       [1625, 2675]]), array([[1329, 2404],
       [1334, 2106],
       [1634, 2110],
       [1629, 2408]]), array([[1334, 2106],
       [1340, 1807],
       [1639, 1813],
       [1634, 2110]]), array([[1340, 1807],
       [1344, 1539],
       [1644, 1545],
       [1639, 1813]]), array([[1625, 2675],
       [1629, 2408],
       [1900, 2411],
       [1896, 2678]]), array([[1629, 2408],
       [1634, 2110],
       [1904, 2114],
       [1900, 2411]]), array([[1634, 2110],
       [1639, 1813],
       [1909, 1818],
       [1904, 2114]]), array([[1639, 1813],
       [1644, 1545],
       [1913, 1551],
       [1909, 1818]])]