Big box:
[array([1003, 1814]), array([1956, 1814]), array([1956, 2782]), array([ 997, 2776])]

Small boxes:
[array([[1003, 1814],
       [1229, 1814],
       [1228, 2042],
       [1002, 2042]]), array([[1229, 1814],
       [1480, 1814],
       [1479, 2043],
       [1228, 2042]]), array([[1480, 1814],
       [1730, 1814],
       [1730, 2043],
       [1479, 2043]]), array([[1730, 1814],
       [1956, 1814],
       [1956, 2043],
       [1730, 2043]]), array([[1002, 2042],
       [1228, 2042],
       [1226, 2296],
       [1000, 2295]]), array([[1228, 2042],
       [1479, 2043],
       [1478, 2296],
       [1226, 2296]]), array([[1479, 2043],
       [1730, 2043],
       [1730, 2297],
       [1478, 2296]]), array([[1730, 2043],
       [1956, 2043],
       [1956, 2298],
       [1730, 2297]]), array([[1000, 2295],
       [1226, 2296],
       [1225, 2549],
       [ 998, 2548]]), array([[1226, 2296],
       [1478, 2296],
       [1477, 2550],
       [1225, 2549]]), array([[1478, 2296],
       [1730, 2297],
       [1729, 2552],
       [1477, 2550]]), array([[1730, 2297],
       [1956, 2298],
       [1956, 2553],
       [1729, 2552]]), array([[ 998, 2548],
       [1225, 2549],
       [1224, 2777],
       [ 997, 2776]]), array([[1225, 2549],
       [1477, 2550],
       [1476, 2779],
       [1224, 2777]]), array([[1477, 2550],
       [1729, 2552],
       [1729, 2781],
       [1476, 2779]]), array([[1729, 2552],
       [1956, 2553],
       [1956, 2782],
       [1729, 2781]])]