Big box:
[array([1026, 1916]), array([1972, 1922]), array([1984, 2888]), array([1008, 2891])]

Small boxes:
[array([[1026, 1916],
       [1250, 1917],
       [1247, 2148],
       [1022, 2147]]), array([[1250, 1917],
       [1499, 1919],
       [1498, 2149],
       [1247, 2148]]), array([[1499, 1919],
       [1748, 1921],
       [1749, 2150],
       [1498, 2149]]), array([[1748, 1921],
       [1972, 1922],
       [1975, 2151],
       [1749, 2150]]), array([[1022, 2147],
       [1247, 2148],
       [1245, 2404],
       [1017, 2404]]), array([[1247, 2148],
       [1498, 2149],
       [1498, 2404],
       [1245, 2404]]), array([[1498, 2149],
       [1749, 2150],
       [1750, 2405],
       [1498, 2404]]), array([[1749, 2150],
       [1975, 2151],
       [1978, 2405],
       [1750, 2405]]), array([[1017, 2404],
       [1245, 2404],
       [1242, 2660],
       [1012, 2660]]), array([[1245, 2404],
       [1498, 2404],
       [1497, 2660],
       [1242, 2660]]), array([[1498, 2404],
       [1750, 2405],
       [1752, 2659],
       [1497, 2660]]), array([[1750, 2405],
       [1978, 2405],
       [1981, 2659],
       [1752, 2659]]), array([[1012, 2660],
       [1242, 2660],
       [1239, 2890],
       [1008, 2891]]), array([[1242, 2660],
       [1497, 2660],
       [1496, 2890],
       [1239, 2890]]), array([[1497, 2660],
       [1752, 2659],
       [1753, 2889],
       [1496, 2890]]), array([[1752, 2659],
       [1981, 2659],
       [1984, 2888],
       [1753, 2889]])]