Big box:
[array([ 879, 3118]), array([ 913, 2085]), array([1921, 2100]), array([1905, 3136])]

Small boxes:
[array([[ 879, 3118],
       [ 887, 2873],
       [1129, 2877],
       [1122, 3122]]), array([[ 887, 2873],
       [ 896, 2602],
       [1137, 2605],
       [1129, 2877]]), array([[ 896, 2602],
       [ 905, 2330],
       [1145, 2333],
       [1137, 2605]]), array([[ 905, 2330],
       [ 913, 2085],
       [1152, 2089],
       [1145, 2333]]), array([[1122, 3122],
       [1129, 2877],
       [1398, 2882],
       [1392, 3127]]), array([[1129, 2877],
       [1137, 2605],
       [1404, 2610],
       [1398, 2882]]), array([[1137, 2605],
       [1145, 2333],
       [1411, 2338],
       [1404, 2610]]), array([[1145, 2333],
       [1152, 2089],
       [1417, 2092],
       [1411, 2338]]), array([[1392, 3127],
       [1398, 2882],
       [1667, 2887],
       [1662, 3132]]), array([[1398, 2882],
       [1404, 2610],
       [1672, 2614],
       [1667, 2887]]), array([[1404, 2610],
       [1411, 2338],
       [1677, 2342],
       [1672, 2614]]), array([[1411, 2338],
       [1417, 2092],
       [1682, 2096],
       [1677, 2342]]), array([[1662, 3132],
       [1667, 2887],
       [1909, 2891],
       [1905, 3136]]), array([[1667, 2887],
       [1672, 2614],
       [1913, 2618],
       [1909, 2891]]), array([[1672, 2614],
       [1677, 2342],
       [1917, 2345],
       [1913, 2618]]), array([[1677, 2342],
       [1682, 2096],
       [1921, 2100],
       [1917, 2345]])]