Big box:
[array([ 941, 2812]), array([ 985, 1850]), array([1936, 1879]), array([1916, 2844])]

Small boxes:
[array([[ 941, 2812],
       [ 951, 2584],
       [1181, 2592],
       [1172, 2820]]), array([[ 951, 2584],
       [ 963, 2331],
       [1191, 2338],
       [1181, 2592]]), array([[ 963, 2331],
       [ 975, 2078],
       [1201, 2085],
       [1191, 2338]]), array([[ 975, 2078],
       [ 985, 1850],
       [1210, 1857],
       [1201, 2085]]), array([[1172, 2820],
       [1181, 2592],
       [1436, 2600],
       [1428, 2828]]), array([[1181, 2592],
       [1191, 2338],
       [1444, 2346],
       [1436, 2600]]), array([[1191, 2338],
       [1201, 2085],
       [1453, 2093],
       [1444, 2346]]), array([[1201, 2085],
       [1210, 1857],
       [1460, 1864],
       [1453, 2093]]), array([[1428, 2828],
       [1436, 2600],
       [1691, 2608],
       [1685, 2836]]), array([[1436, 2600],
       [1444, 2346],
       [1698, 2354],
       [1691, 2608]]), array([[1444, 2346],
       [1453, 2093],
       [1705, 2101],
       [1698, 2354]]), array([[1453, 2093],
       [1460, 1864],
       [1711, 1872],
       [1705, 2101]]), array([[1685, 2836],
       [1691, 2608],
       [1921, 2615],
       [1916, 2844]]), array([[1691, 2608],
       [1698, 2354],
       [1926, 2362],
       [1921, 2615]]), array([[1698, 2354],
       [1705, 2101],
       [1931, 2108],
       [1926, 2362]]), array([[1705, 2101],
       [1711, 1872],
       [1936, 1879],
       [1931, 2108]])]