Big box:
[array([1022, 3032]), array([1054, 1996]), array([2064, 2019]), array([2050, 3046])]

Small boxes:
[array([[1022, 3032],
       [1030, 2787],
       [1272, 2790],
       [1265, 3035]]), array([[1030, 2787],
       [1038, 2514],
       [1279, 2518],
       [1272, 2790]]), array([[1038, 2514],
       [1046, 2241],
       [1287, 2246],
       [1279, 2518]]), array([[1046, 2241],
       [1054, 1996],
       [1293, 2001],
       [1287, 2246]]), array([[1265, 3035],
       [1272, 2790],
       [1541, 2795],
       [1536, 3039]]), array([[1272, 2790],
       [1279, 2518],
       [1548, 2523],
       [1541, 2795]]), array([[1279, 2518],
       [1287, 2246],
       [1554, 2252],
       [1548, 2523]]), array([[1287, 2246],
       [1293, 2001],
       [1559, 2008],
       [1554, 2252]]), array([[1536, 3039],
       [1541, 2795],
       [1811, 2799],
       [1807, 3043]]), array([[1541, 2795],
       [1548, 2523],
       [1816, 2528],
       [1811, 2799]]), array([[1548, 2523],
       [1554, 2252],
       [1820, 2257],
       [1816, 2528]]), array([[1554, 2252],
       [1559, 2008],
       [1825, 2014],
       [1820, 2257]]), array([[1807, 3043],
       [1811, 2799],
       [2053, 2803],
       [2050, 3046]]), array([[1811, 2799],
       [1816, 2528],
       [2057, 2532],
       [2053, 2803]]), array([[1816, 2528],
       [1820, 2257],
       [2061, 2262],
       [2057, 2532]]), array([[1820, 2257],
       [1825, 2014],
       [2064, 2019],
       [2061, 2262]])]