Big box:
[array([1081, 2730]), array([1087, 1757]), array([2053, 1760]), array([2059, 2733])]

Small boxes:
[array([[1081, 2730],
       [1082, 2500],
       [1313, 2500],
       [1313, 2731]]), array([[1082, 2500],
       [1084, 2244],
       [1314, 2244],
       [1313, 2500]]), array([[1084, 2244],
       [1086, 1987],
       [1315, 1988],
       [1314, 2244]]), array([[1086, 1987],
       [1087, 1757],
       [1316, 1758],
       [1315, 1988]]), array([[1313, 2731],
       [1313, 2500],
       [1570, 2501],
       [1570, 2732]]), array([[1313, 2500],
       [1314, 2244],
       [1570, 2245],
       [1570, 2501]]), array([[1314, 2244],
       [1315, 1988],
       [1570, 1989],
       [1570, 2245]]), array([[1315, 1988],
       [1316, 1758],
       [1570, 1758],
       [1570, 1989]]), array([[1570, 2732],
       [1570, 2501],
       [1827, 2502],
       [1827, 2732]]), array([[1570, 2501],
       [1570, 2245],
       [1826, 2246],
       [1827, 2502]]), array([[1570, 2245],
       [1570, 1989],
       [1825, 1990],
       [1826, 2246]]), array([[1570, 1989],
       [1570, 1758],
       [1824, 1759],
       [1825, 1990]]), array([[1827, 2732],
       [1827, 2502],
       [2058, 2503],
       [2059, 2733]]), array([[1827, 2502],
       [1826, 2246],
       [2056, 2246],
       [2058, 2503]]), array([[1826, 2246],
       [1825, 1990],
       [2054, 1990],
       [2056, 2246]]), array([[1825, 1990],
       [1824, 1759],
       [2053, 1760],
       [2054, 1990]])]