Big box:
[array([1014, 1960]), array([1961, 1966]), array([1973, 2934]), array([ 996, 2937])]

Small boxes:
[array([[1014, 1960],
       [1238, 1961],
       [1236, 2192],
       [1010, 2191]]), array([[1238, 1961],
       [1488, 1963],
       [1487, 2193],
       [1236, 2192]]), array([[1488, 1963],
       [1737, 1965],
       [1738, 2194],
       [1487, 2193]]), array([[1737, 1965],
       [1961, 1966],
       [1964, 2195],
       [1738, 2194]]), array([[1010, 2191],
       [1236, 2192],
       [1233, 2449],
       [1005, 2448]]), array([[1236, 2192],
       [1487, 2193],
       [1486, 2449],
       [1233, 2449]]), array([[1487, 2193],
       [1738, 2194],
       [1739, 2450],
       [1486, 2449]]), array([[1738, 2194],
       [1964, 2195],
       [1967, 2450],
       [1739, 2450]]), array([[1005, 2448],
       [1233, 2449],
       [1230, 2705],
       [1000, 2706]]), array([[1233, 2449],
       [1486, 2449],
       [1485, 2705],
       [1230, 2705]]), array([[1486, 2449],
       [1739, 2450],
       [1740, 2705],
       [1485, 2705]]), array([[1739, 2450],
       [1967, 2450],
       [1970, 2705],
       [1740, 2705]]), array([[1000, 2706],
       [1230, 2705],
       [1227, 2936],
       [ 996, 2937]]), array([[1230, 2705],
       [1485, 2705],
       [1484, 2936],
       [1227, 2936]]), array([[1485, 2705],
       [1740, 2705],
       [1742, 2935],
       [1484, 2936]]), array([[1740, 2705],
       [1970, 2705],
       [1973, 2934],
       [1742, 2935]])]