Big box:
[array([ 816, 3045]), array([ 857, 2062]), array([1821, 2091]), array([1791, 3071])]

Small boxes:
[array([[ 816, 3045],
       [ 826, 2812],
       [1056, 2819],
       [1047, 3051]]), array([[ 826, 2812],
       [ 836, 2554],
       [1066, 2560],
       [1056, 2819]]), array([[ 836, 2554],
       [ 847, 2295],
       [1076, 2302],
       [1066, 2560]]), array([[ 847, 2295],
       [ 857, 2062],
       [1085, 2069],
       [1076, 2302]]), array([[1047, 3051],
       [1056, 2819],
       [1312, 2826],
       [1304, 3058]]), array([[1056, 2819],
       [1066, 2560],
       [1321, 2567],
       [1312, 2826]]), array([[1066, 2560],
       [1076, 2302],
       [1331, 2309],
       [1321, 2567]]), array([[1076, 2302],
       [1085, 2069],
       [1339, 2076],
       [1331, 2309]]), array([[1304, 3058],
       [1312, 2826],
       [1568, 2833],
       [1560, 3065]]), array([[1312, 2826],
       [1321, 2567],
       [1576, 2574],
       [1568, 2833]]), array([[1321, 2567],
       [1331, 2309],
       [1585, 2316],
       [1576, 2574]]), array([[1331, 2309],
       [1339, 2076],
       [1593, 2084],
       [1585, 2316]]), array([[1560, 3065],
       [1568, 2833],
       [1798, 2839],
       [1791, 3071]]), array([[1568, 2833],
       [1576, 2574],
       [1806, 2581],
       [1798, 2839]]), array([[1576, 2574],
       [1585, 2316],
       [1814, 2323],
       [1806, 2581]]), array([[1585, 2316],
       [1593, 2084],
       [1821, 2091],
       [1814, 2323]])]