Big box:
[array([1103, 2238]), array([2062, 2244]), array([2083, 3247]), array([1085, 3244])]

Small boxes:
[array([[1103, 2238],
       [1330, 2239],
       [1328, 2478],
       [1099, 2476]]), array([[1330, 2239],
       [1582, 2241],
       [1583, 2479],
       [1328, 2478]]), array([[1582, 2241],
       [1835, 2243],
       [1838, 2480],
       [1583, 2479]]), array([[1835, 2243],
       [2062, 2244],
       [2067, 2482],
       [1838, 2480]]), array([[1099, 2476],
       [1328, 2478],
       [1326, 2742],
       [1094, 2741]]), array([[1328, 2478],
       [1583, 2479],
       [1583, 2743],
       [1326, 2742]]), array([[1583, 2479],
       [1838, 2480],
       [1841, 2744],
       [1583, 2743]]), array([[1838, 2480],
       [2067, 2482],
       [2072, 2746],
       [1841, 2744]]), array([[1094, 2741],
       [1326, 2742],
       [1323, 3007],
       [1089, 3006]]), array([[1326, 2742],
       [1583, 2743],
       [1584, 3008],
       [1323, 3007]]), array([[1583, 2743],
       [1841, 2744],
       [1844, 3009],
       [1584, 3008]]), array([[1841, 2744],
       [2072, 2746],
       [2078, 3009],
       [1844, 3009]]), array([[1089, 3006],
       [1323, 3007],
       [1321, 3245],
       [1085, 3244]]), array([[1323, 3007],
       [1584, 3008],
       [1584, 3246],
       [1321, 3245]]), array([[1584, 3008],
       [1844, 3009],
       [1847, 3246],
       [1584, 3246]]), array([[1844, 3009],
       [2078, 3009],
       [2083, 3247],
       [1847, 3246]])]