Big box:
[array([ 933, 2657]), array([ 952, 1487]), array([2113, 1509]), array([2094, 2673])]

Small boxes:
[array([[ 933, 2657],
       [ 938, 2380],
       [1212, 2384],
       [1208, 2661]]), array([[ 938, 2380],
       [ 942, 2072],
       [1217, 2076],
       [1212, 2384]]), array([[ 942, 2072],
       [ 948, 1764],
       [1222, 1769],
       [1217, 2076]]), array([[ 948, 1764],
       [ 952, 1487],
       [1227, 1492],
       [1222, 1769]]), array([[1208, 2661],
       [1212, 2384],
       [1518, 2389],
       [1514, 2665]]), array([[1212, 2384],
       [1217, 2076],
       [1523, 2082],
       [1518, 2389]]), array([[1217, 2076],
       [1222, 1769],
       [1528, 1774],
       [1523, 2082]]), array([[1222, 1769],
       [1227, 1492],
       [1532, 1498],
       [1528, 1774]]), array([[1514, 2665],
       [1518, 2389],
       [1824, 2393],
       [1819, 2669]]), array([[1518, 2389],
       [1523, 2082],
       [1829, 2086],
       [1824, 2393]]), array([[1523, 2082],
       [1528, 1774],
       [1834, 1780],
       [1829, 2086]]), array([[1528, 1774],
       [1532, 1498],
       [1838, 1504],
       [1834, 1780]]), array([[1819, 2669],
       [1824, 2393],
       [2098, 2397],
       [2094, 2673]]), array([[1824, 2393],
       [1829, 2086],
       [2104, 2091],
       [2098, 2397]]), array([[1829, 2086],
       [1834, 1780],
       [2108, 1785],
       [2104, 2091]]), array([[1834, 1780],
       [1838, 1504],
       [2113, 1509],
       [2108, 1785]])]