Big box:
[array([ 850, 2642]), array([ 869, 1503]), array([2001, 1528]), array([1982, 2649])]

Small boxes:
[array([[ 850, 2642],
       [ 854, 2372],
       [1123, 2375],
       [1118, 2644]]), array([[ 854, 2372],
       [ 860, 2072],
       [1128, 2076],
       [1123, 2375]]), array([[ 860, 2072],
       [ 864, 1773],
       [1133, 1778],
       [1128, 2076]]), array([[ 864, 1773],
       [ 869, 1503],
       [1137, 1509],
       [1133, 1778]]), array([[1118, 2644],
       [1123, 2375],
       [1420, 2378],
       [1416, 2646]]), array([[1123, 2375],
       [1128, 2076],
       [1426, 2080],
       [1420, 2378]]), array([[1128, 2076],
       [1133, 1778],
       [1430, 1783],
       [1426, 2080]]), array([[1133, 1778],
       [1137, 1509],
       [1435, 1516],
       [1430, 1783]]), array([[1416, 2646],
       [1420, 2378],
       [1718, 2381],
       [1714, 2647]]), array([[1420, 2378],
       [1426, 2080],
       [1723, 2085],
       [1718, 2381]]), array([[1426, 2080],
       [1430, 1783],
       [1728, 1789],
       [1723, 2085]]), array([[1430, 1783],
       [1435, 1516],
       [1733, 1522],
       [1728, 1789]]), array([[1714, 2647],
       [1718, 2381],
       [1986, 2384],
       [1982, 2649]]), array([[1718, 2381],
       [1723, 2085],
       [1992, 2088],
       [1986, 2384]]), array([[1723, 2085],
       [1728, 1789],
       [1996, 1794],
       [1992, 2088]]), array([[1728, 1789],
       [1733, 1522],
       [2001, 1528],
       [1996, 1794]])]