Big box:
[array([ 859, 3180]), array([ 907, 2150]), array([1907, 2161]), array([1904, 3206])]

Small boxes:
[array([[ 859, 3180],
       [ 870, 2936],
       [1115, 2941],
       [1106, 3186]]), array([[ 870, 2936],
       [ 883, 2665],
       [1125, 2669],
       [1115, 2941]]), array([[ 883, 2665],
       [ 896, 2394],
       [1135, 2397],
       [1125, 2669]]), array([[ 896, 2394],
       [ 907, 2150],
       [1144, 2153],
       [1135, 2397]]), array([[1106, 3186],
       [1115, 2941],
       [1388, 2947],
       [1382, 3193]]), array([[1115, 2941],
       [1125, 2669],
       [1394, 2674],
       [1388, 2947]]), array([[1125, 2669],
       [1135, 2397],
       [1401, 2401],
       [1394, 2674]]), array([[1135, 2397],
       [1144, 2153],
       [1407, 2156],
       [1401, 2401]]), array([[1382, 3193],
       [1388, 2947],
       [1660, 2953],
       [1656, 3200]]), array([[1388, 2947],
       [1394, 2674],
       [1663, 2679],
       [1660, 2953]]), array([[1394, 2674],
       [1401, 2401],
       [1667, 2405],
       [1663, 2679]]), array([[1401, 2401],
       [1407, 2156],
       [1670, 2158],
       [1667, 2405]]), array([[1656, 3200],
       [1660, 2953],
       [1905, 2958],
       [1904, 3206]]), array([[1660, 2953],
       [1663, 2679],
       [1906, 2684],
       [1905, 2958]]), array([[1663, 2679],
       [1667, 2405],
       [1906, 2408],
       [1906, 2684]]), array([[1667, 2405],
       [1670, 2158],
       [1907, 2161],
       [1906, 2408]])]