Big box:
[array([1065, 2683]), array([1081, 1535]), array([2229, 1558]), array([2209, 2697])]

Small boxes:
[array([[1065, 2683],
       [1069, 2411],
       [1340, 2415],
       [1336, 2686]]), array([[1069, 2411],
       [1073, 2109],
       [1344, 2113],
       [1340, 2415]]), array([[1073, 2109],
       [1077, 1807],
       [1349, 1812],
       [1344, 2113]]), array([[1077, 1807],
       [1081, 1535],
       [1353, 1540],
       [1349, 1812]]), array([[1336, 2686],
       [1340, 2415],
       [1641, 2419],
       [1637, 2690]]), array([[1340, 2415],
       [1344, 2113],
       [1646, 2118],
       [1641, 2419]]), array([[1344, 2113],
       [1349, 1812],
       [1651, 1817],
       [1646, 2118]]), array([[1349, 1812],
       [1353, 1540],
       [1655, 1546],
       [1651, 1817]]), array([[1637, 2690],
       [1641, 2419],
       [1943, 2423],
       [1938, 2694]]), array([[1641, 2419],
       [1646, 2118],
       [1948, 2123],
       [1943, 2423]]), array([[1646, 2118],
       [1651, 1817],
       [1953, 1823],
       [1948, 2123]]), array([[1651, 1817],
       [1655, 1546],
       [1957, 1553],
       [1953, 1823]]), array([[1938, 2694],
       [1943, 2423],
       [2214, 2427],
       [2209, 2697]]), array([[1943, 2423],
       [1948, 2123],
       [2219, 2128],
       [2214, 2427]]), array([[1948, 2123],
       [1953, 1823],
       [2224, 1828],
       [2219, 2128]]), array([[1953, 1823],
       [1957, 1553],
       [2229, 1558],
       [2224, 1828]])]