Big box:
[array([1083, 2732]), array([1098, 1776]), array([2045, 1776]), array([2057, 2732])]

Small boxes:
[array([[1083, 2732],
       [1087, 2506],
       [1316, 2506],
       [1314, 2732]]), array([[1087, 2506],
       [1090, 2254],
       [1318, 2254],
       [1316, 2506]]), array([[1090, 2254],
       [1094, 2002],
       [1320, 2002],
       [1318, 2254]]), array([[1094, 2002],
       [1098, 1776],
       [1322, 1776],
       [1320, 2002]]), array([[1314, 2732],
       [1316, 2506],
       [1570, 2506],
       [1570, 2732]]), array([[1316, 2506],
       [1318, 2254],
       [1571, 2254],
       [1570, 2506]]), array([[1318, 2254],
       [1320, 2002],
       [1571, 2002],
       [1571, 2254]]), array([[1320, 2002],
       [1322, 1776],
       [1572, 1776],
       [1571, 2002]]), array([[1570, 2732],
       [1570, 2506],
       [1825, 2506],
       [1826, 2732]]), array([[1570, 2506],
       [1571, 2254],
       [1824, 2254],
       [1825, 2506]]), array([[1571, 2254],
       [1571, 2002],
       [1822, 2002],
       [1824, 2254]]), array([[1571, 2002],
       [1572, 1776],
       [1821, 1776],
       [1822, 2002]]), array([[1826, 2732],
       [1825, 2506],
       [2054, 2506],
       [2057, 2732]]), array([[1825, 2506],
       [1824, 2254],
       [2051, 2254],
       [2054, 2506]]), array([[1824, 2254],
       [1822, 2002],
       [2048, 2002],
       [2051, 2254]]), array([[1822, 2002],
       [1821, 1776],
       [2045, 1776],
       [2048, 2002]])]