Big box:
[array([1027, 1987]), array([1984, 1990]), array([1996, 2964]), array([1018, 2967])]

Small boxes:
[array([[1027, 1987],
       [1254, 1988],
       [1253, 2219],
       [1025, 2219]]), array([[1254, 1988],
       [1506, 1988],
       [1506, 2220],
       [1253, 2219]]), array([[1506, 1988],
       [1757, 1989],
       [1759, 2220],
       [1506, 2220]]), array([[1757, 1989],
       [1984, 1990],
       [1987, 2221],
       [1759, 2220]]), array([[1025, 2219],
       [1253, 2219],
       [1252, 2477],
       [1022, 2477]]), array([[1253, 2219],
       [1506, 2220],
       [1506, 2477],
       [1252, 2477]]), array([[1506, 2220],
       [1759, 2220],
       [1761, 2477],
       [1506, 2477]]), array([[1759, 2220],
       [1987, 2221],
       [1990, 2477],
       [1761, 2477]]), array([[1022, 2477],
       [1252, 2477],
       [1251, 2735],
       [1020, 2735]]), array([[1252, 2477],
       [1506, 2477],
       [1507, 2734],
       [1251, 2735]]), array([[1506, 2477],
       [1761, 2477],
       [1763, 2734],
       [1507, 2734]]), array([[1761, 2477],
       [1990, 2477],
       [1993, 2733],
       [1763, 2734]]), array([[1020, 2735],
       [1251, 2735],
       [1250, 2966],
       [1018, 2967]]), array([[1251, 2735],
       [1507, 2734],
       [1507, 2966],
       [1250, 2966]]), array([[1507, 2734],
       [1763, 2734],
       [1764, 2965],
       [1507, 2966]]), array([[1763, 2734],
       [1993, 2733],
       [1996, 2964],
       [1764, 2965]])]