Big box:
[array([1088, 2961]), array([1128, 1981]), array([2088, 2011]), array([2072, 3000])]

Small boxes:
[array([[1088, 2961],
       [1097, 2729],
       [1329, 2738],
       [1321, 2970]]), array([[1097, 2729],
       [1108, 2471],
       [1338, 2479],
       [1329, 2738]]), array([[1108, 2471],
       [1119, 2213],
       [1347, 2221],
       [1338, 2479]]), array([[1119, 2213],
       [1128, 1981],
       [1355, 1988],
       [1347, 2221]]), array([[1321, 2970],
       [1329, 2738],
       [1587, 2747],
       [1580, 2980]]), array([[1329, 2738],
       [1338, 2479],
       [1594, 2488],
       [1587, 2747]]), array([[1338, 2479],
       [1347, 2221],
       [1601, 2229],
       [1594, 2488]]), array([[1347, 2221],
       [1355, 1988],
       [1608, 1996],
       [1601, 2229]]), array([[1580, 2980],
       [1587, 2747],
       [1844, 2757],
       [1839, 2991]]), array([[1587, 2747],
       [1594, 2488],
       [1850, 2497],
       [1844, 2757]]), array([[1594, 2488],
       [1601, 2229],
       [1855, 2238],
       [1850, 2497]]), array([[1601, 2229],
       [1608, 1996],
       [1861, 2004],
       [1855, 2238]]), array([[1839, 2991],
       [1844, 2757],
       [2076, 2766],
       [2072, 3000]]), array([[1844, 2757],
       [1850, 2497],
       [2080, 2506],
       [2076, 2766]]), array([[1850, 2497],
       [1855, 2238],
       [2084, 2245],
       [2080, 2506]]), array([[1855, 2238],
       [1861, 2004],
       [2088, 2011],
       [2084, 2245]])]