Big box:
[array([1103, 2963]), array([1112, 1982]), array([2075, 1982]), array([2087, 2963])]

Small boxes:
[array([[1103, 2963],
       [1105, 2731],
       [1337, 2731],
       [1336, 2963]]), array([[1105, 2731],
       [1108, 2472],
       [1338, 2472],
       [1337, 2731]]), array([[1108, 2472],
       [1110, 2214],
       [1339, 2214],
       [1338, 2472]]), array([[1110, 2214],
       [1112, 1982],
       [1340, 1982],
       [1339, 2214]]), array([[1336, 2963],
       [1337, 2731],
       [1595, 2731],
       [1595, 2963]]), array([[1337, 2731],
       [1338, 2472],
       [1594, 2472],
       [1595, 2731]]), array([[1338, 2472],
       [1339, 2214],
       [1594, 2214],
       [1594, 2472]]), array([[1339, 2214],
       [1340, 1982],
       [1594, 1982],
       [1594, 2214]]), array([[1595, 2963],
       [1595, 2731],
       [1852, 2731],
       [1854, 2963]]), array([[1595, 2731],
       [1594, 2472],
       [1850, 2472],
       [1852, 2731]]), array([[1594, 2472],
       [1594, 2214],
       [1849, 2214],
       [1850, 2472]]), array([[1594, 2214],
       [1594, 1982],
       [1847, 1982],
       [1849, 2214]]), array([[1854, 2963],
       [1852, 2731],
       [2084, 2731],
       [2087, 2963]]), array([[1852, 2731],
       [1850, 2472],
       [2081, 2472],
       [2084, 2731]]), array([[1850, 2472],
       [1849, 2214],
       [2078, 2214],
       [2081, 2472]]), array([[1849, 2214],
       [1847, 1982],
       [2075, 1982],
       [2078, 2214]])]