Big box:
[array([1159, 1529]), array([2274, 1487]), array([2306, 2620]), array([1179, 2635])]

Small boxes:
[array([[1159, 1529],
       [1423, 1519],
       [1428, 1783],
       [1164, 1791]]), array([[1423, 1519],
       [1716, 1508],
       [1723, 1773],
       [1428, 1783]]), array([[1716, 1508],
       [2010, 1497],
       [2017, 1764],
       [1723, 1773]]), array([[2010, 1497],
       [2274, 1487],
       [2282, 1755],
       [2017, 1764]]), array([[1164, 1791],
       [1428, 1783],
       [1434, 2075],
       [1169, 2082]]), array([[1428, 1783],
       [1723, 1773],
       [1730, 2068],
       [1434, 2075]]), array([[1723, 1773],
       [2017, 1764],
       [2024, 2060],
       [1730, 2068]]), array([[2017, 1764],
       [2282, 1755],
       [2290, 2054],
       [2024, 2060]]), array([[1169, 2082],
       [1434, 2075],
       [1441, 2368],
       [1174, 2373]]), array([[1434, 2075],
       [1730, 2068],
       [1736, 2362],
       [1441, 2368]]), array([[1730, 2068],
       [2024, 2060],
       [2032, 2357],
       [1736, 2362]]), array([[2024, 2060],
       [2290, 2054],
       [2298, 2352],
       [2032, 2357]]), array([[1174, 2373],
       [1441, 2368],
       [1446, 2631],
       [1179, 2635]]), array([[1441, 2368],
       [1736, 2362],
       [1742, 2628],
       [1446, 2631]]), array([[1736, 2362],
       [2032, 2357],
       [2039, 2624],
       [1742, 2628]]), array([[2032, 2357],
       [2298, 2352],
       [2306, 2620],
       [2039, 2624]])]