Big box:
[array([1023, 2705]), array([1064, 1711]), array([2049, 1739]), array([2027, 2736])]

Small boxes:
[array([[1023, 2705],
       [1033, 2470],
       [1269, 2477],
       [1261, 2712]]), array([[1033, 2470],
       [1044, 2208],
       [1279, 2215],
       [1269, 2477]]), array([[1044, 2208],
       [1054, 1946],
       [1289, 1953],
       [1279, 2215]]), array([[1054, 1946],
       [1064, 1711],
       [1297, 1718],
       [1289, 1953]]), array([[1261, 2712],
       [1269, 2477],
       [1532, 2485],
       [1525, 2720]]), array([[1269, 2477],
       [1279, 2215],
       [1541, 2223],
       [1532, 2485]]), array([[1279, 2215],
       [1289, 1953],
       [1549, 1961],
       [1541, 2223]]), array([[1289, 1953],
       [1297, 1718],
       [1556, 1725],
       [1549, 1961]]), array([[1525, 2720],
       [1532, 2485],
       [1795, 2493],
       [1789, 2729]]), array([[1532, 2485],
       [1541, 2223],
       [1802, 2231],
       [1795, 2493]]), array([[1541, 2223],
       [1549, 1961],
       [1809, 1968],
       [1802, 2231]]), array([[1549, 1961],
       [1556, 1725],
       [1816, 1732],
       [1809, 1968]]), array([[1789, 2729],
       [1795, 2493],
       [2032, 2500],
       [2027, 2736]]), array([[1795, 2493],
       [1802, 2231],
       [2038, 2238],
       [2032, 2500]]), array([[1802, 2231],
       [1809, 1968],
       [2044, 1975],
       [2038, 2238]]), array([[1809, 1968],
       [1816, 1732],
       [2049, 1739],
       [2044, 1975]])]