Big box:
[array([ 954, 2739]), array([ 991, 1766]), array([1952, 1797]), array([1926, 2768])]

Small boxes:
[array([[ 954, 2739],
       [ 963, 2509],
       [1192, 2516],
       [1184, 2746]]), array([[ 963, 2509],
       [ 972, 2252],
       [1201, 2260],
       [1192, 2516]]), array([[ 972, 2252],
       [ 982, 1996],
       [1210, 2004],
       [1201, 2260]]), array([[ 982, 1996],
       [ 991, 1766],
       [1219, 1773],
       [1210, 2004]]), array([[1184, 2746],
       [1192, 2516],
       [1447, 2523],
       [1440, 2754]]), array([[1192, 2516],
       [1201, 2260],
       [1456, 2268],
       [1447, 2523]]), array([[1201, 2260],
       [1210, 2004],
       [1464, 2012],
       [1456, 2268]]), array([[1210, 2004],
       [1219, 1773],
       [1472, 1782],
       [1464, 2012]]), array([[1440, 2754],
       [1447, 2523],
       [1703, 2531],
       [1696, 2761]]), array([[1447, 2523],
       [1456, 2268],
       [1710, 2275],
       [1703, 2531]]), array([[1456, 2268],
       [1464, 2012],
       [1718, 2020],
       [1710, 2275]]), array([[1464, 2012],
       [1472, 1782],
       [1724, 1790],
       [1718, 2020]]), array([[1696, 2761],
       [1703, 2531],
       [1932, 2538],
       [1926, 2768]]), array([[1703, 2531],
       [1710, 2275],
       [1939, 2282],
       [1932, 2538]]), array([[1710, 2275],
       [1718, 2020],
       [1946, 2027],
       [1939, 2282]]), array([[1718, 2020],
       [1724, 1790],
       [1952, 1797],
       [1946, 2027]])]