Big box:
[array([ 853, 2708]), array([ 891, 1491]), array([2101, 1526]), array([2075, 2734])]

Small boxes:
[array([[ 853, 2708],
       [ 862, 2420],
       [1151, 2426],
       [1142, 2714]]), array([[ 862, 2420],
       [ 872, 2100],
       [1160, 2107],
       [1151, 2426]]), array([[ 872, 2100],
       [ 882, 1779],
       [1169, 1787],
       [1160, 2107]]), array([[ 882, 1779],
       [ 891, 1491],
       [1178, 1499],
       [1169, 1787]]), array([[1142, 2714],
       [1151, 2426],
       [1472, 2434],
       [1464, 2721]]), array([[1151, 2426],
       [1160, 2107],
       [1480, 2115],
       [1472, 2434]]), array([[1160, 2107],
       [1169, 1787],
       [1488, 1796],
       [1480, 2115]]), array([[1169, 1787],
       [1178, 1499],
       [1496, 1508],
       [1488, 1796]]), array([[1464, 2721],
       [1472, 2434],
       [1792, 2441],
       [1786, 2728]]), array([[1472, 2434],
       [1480, 2115],
       [1800, 2123],
       [1792, 2441]]), array([[1480, 2115],
       [1488, 1796],
       [1808, 1804],
       [1800, 2123]]), array([[1488, 1796],
       [1496, 1508],
       [1814, 1518],
       [1808, 1804]]), array([[1786, 2728],
       [1792, 2441],
       [2081, 2448],
       [2075, 2734]]), array([[1792, 2441],
       [1800, 2123],
       [2088, 2130],
       [2081, 2448]]), array([[1800, 2123],
       [1808, 1804],
       [2095, 1812],
       [2088, 2130]]), array([[1808, 1804],
       [1814, 1518],
       [2101, 1526],
       [2095, 1812]])]