Big box:
[array([1029, 1384]), array([2183, 1364]), array([2207, 2517]), array([1050, 2540])]

Small boxes:
[array([[1029, 1384],
       [1302, 1379],
       [1307, 1653],
       [1034, 1658]]), array([[1302, 1379],
       [1606, 1374],
       [1611, 1647],
       [1307, 1653]]), array([[1606, 1374],
       [1910, 1369],
       [1915, 1642],
       [1611, 1647]]), array([[1910, 1369],
       [2183, 1364],
       [2189, 1637],
       [1915, 1642]]), array([[1034, 1658],
       [1307, 1653],
       [1313, 1957],
       [1040, 1962]]), array([[1307, 1653],
       [1611, 1647],
       [1617, 1951],
       [1313, 1957]]), array([[1611, 1647],
       [1915, 1642],
       [1921, 1946],
       [1617, 1951]]), array([[1915, 1642],
       [2189, 1637],
       [2195, 1940],
       [1921, 1946]]), array([[1040, 1962],
       [1313, 1957],
       [1319, 2261],
       [1045, 2266]]), array([[1313, 1957],
       [1617, 1951],
       [1623, 2255],
       [1319, 2261]]), array([[1617, 1951],
       [1921, 1946],
       [1927, 2249],
       [1623, 2255]]), array([[1921, 1946],
       [2195, 1940],
       [2201, 2244],
       [1927, 2249]]), array([[1045, 2266],
       [1319, 2261],
       [1324, 2535],
       [1050, 2540]]), array([[1319, 2261],
       [1623, 2255],
       [1628, 2528],
       [1324, 2535]]), array([[1623, 2255],
       [1927, 2249],
       [1933, 2522],
       [1628, 2528]]), array([[1927, 2249],
       [2201, 2244],
       [2207, 2517],
       [1933, 2522]])]