Big box:
[array([ 928, 2952]), array([ 996, 1954]), array([1961, 2005]), array([1926, 2986])]

Small boxes:
[array([[ 928, 2952],
       [ 944, 2716],
       [1179, 2725],
       [1164, 2960]]), array([[ 944, 2716],
       [ 962, 2453],
       [1194, 2463],
       [1179, 2725]]), array([[ 962, 2453],
       [ 980, 2190],
       [1210, 2201],
       [1194, 2463]]), array([[ 980, 2190],
       [ 996, 1954],
       [1225, 1966],
       [1210, 2201]]), array([[1164, 2960],
       [1179, 2725],
       [1439, 2735],
       [1427, 2969]]), array([[1179, 2725],
       [1194, 2463],
       [1453, 2474],
       [1439, 2735]]), array([[1194, 2463],
       [1210, 2201],
       [1466, 2214],
       [1453, 2474]]), array([[1210, 2201],
       [1225, 1966],
       [1478, 1980],
       [1466, 2214]]), array([[1427, 2969],
       [1439, 2735],
       [1700, 2745],
       [1690, 2978]]), array([[1439, 2735],
       [1453, 2474],
       [1711, 2485],
       [1700, 2745]]), array([[1453, 2474],
       [1466, 2214],
       [1722, 2226],
       [1711, 2485]]), array([[1466, 2214],
       [1478, 1980],
       [1732, 1993],
       [1722, 2226]]), array([[1690, 2978],
       [1700, 2745],
       [1934, 2754],
       [1926, 2986]]), array([[1700, 2745],
       [1711, 2485],
       [1944, 2496],
       [1934, 2754]]), array([[1711, 2485],
       [1722, 2226],
       [1953, 2237],
       [1944, 2496]]), array([[1722, 2226],
       [1732, 1993],
       [1961, 2005],
       [1953, 2237]])]