Big box:
[array([1102, 2958]), array([1145, 1927]), array([2166, 1954]), array([2151, 2994])]

Small boxes:
[array([[1102, 2958],
       [1112, 2714],
       [1359, 2722],
       [1350, 2967]]), array([[1112, 2714],
       [1124, 2442],
       [1369, 2450],
       [1359, 2722]]), array([[1124, 2442],
       [1135, 2171],
       [1378, 2178],
       [1369, 2450]]), array([[1135, 2171],
       [1145, 1927],
       [1387, 1933],
       [1378, 2178]]), array([[1350, 2967],
       [1359, 2722],
       [1633, 2731],
       [1626, 2976]]), array([[1359, 2722],
       [1369, 2450],
       [1641, 2458],
       [1633, 2731]]), array([[1369, 2450],
       [1378, 2178],
       [1649, 2186],
       [1641, 2458]]), array([[1378, 2178],
       [1387, 1933],
       [1656, 1940],
       [1649, 2186]]), array([[1626, 2976],
       [1633, 2731],
       [1908, 2740],
       [1903, 2985]]), array([[1633, 2731],
       [1641, 2458],
       [1913, 2467],
       [1908, 2740]]), array([[1641, 2458],
       [1649, 2186],
       [1919, 2193],
       [1913, 2467]]), array([[1649, 2186],
       [1656, 1940],
       [1924, 1948],
       [1919, 2193]]), array([[1903, 2985],
       [1908, 2740],
       [2155, 2748],
       [2151, 2994]]), array([[1908, 2740],
       [1913, 2467],
       [2158, 2474],
       [2155, 2748]]), array([[1913, 2467],
       [1919, 2193],
       [2162, 2200],
       [2158, 2474]]), array([[1919, 2193],
       [1924, 1948],
       [2166, 1954],
       [2162, 2200]])]