Big box:
[array([ 801, 2694]), array([ 824, 1490]), array([2036, 1516]), array([2007, 2720])]

Small boxes:
[array([[ 801, 2694],
       [ 806, 2409],
       [1092, 2415],
       [1087, 2700]]), array([[ 806, 2409],
       [ 812, 2092],
       [1099, 2098],
       [1092, 2415]]), array([[ 812, 2092],
       [ 819, 1775],
       [1105, 1781],
       [1099, 2098]]), array([[ 819, 1775],
       [ 824, 1490],
       [1111, 1496],
       [1105, 1781]]), array([[1087, 2700],
       [1092, 2415],
       [1410, 2422],
       [1404, 2707]]), array([[1092, 2415],
       [1099, 2098],
       [1417, 2105],
       [1410, 2422]]), array([[1099, 2098],
       [1105, 1781],
       [1424, 1788],
       [1417, 2105]]), array([[1105, 1781],
       [1111, 1496],
       [1430, 1503],
       [1424, 1788]]), array([[1404, 2707],
       [1410, 2422],
       [1728, 2429],
       [1721, 2714]]), array([[1410, 2422],
       [1417, 2105],
       [1735, 2112],
       [1728, 2429]]), array([[1417, 2105],
       [1424, 1788],
       [1742, 1795],
       [1735, 2112]]), array([[1424, 1788],
       [1430, 1503],
       [1749, 1510],
       [1742, 1795]]), array([[1721, 2714],
       [1728, 2429],
       [2014, 2435],
       [2007, 2720]]), array([[1728, 2429],
       [1735, 2112],
       [2022, 2118],
       [2014, 2435]]), array([[1735, 2112],
       [1742, 1795],
       [2029, 1801],
       [2022, 2118]]), array([[1742, 1795],
       [1749, 1510],
       [2036, 1516],
       [2029, 1801]])]