Big box:
[array([1132, 2718]), array([1163, 1505]), array([2391, 1528]), array([2357, 2761])]

Small boxes:
[array([[1132, 2718],
       [1139, 2431],
       [1430, 2440],
       [1422, 2728]]), array([[1139, 2431],
       [1148, 2112],
       [1438, 2119],
       [1430, 2440]]), array([[1148, 2112],
       [1156, 1792],
       [1446, 1799],
       [1438, 2119]]), array([[1156, 1792],
       [1163, 1505],
       [1454, 1510],
       [1446, 1799]]), array([[1422, 2728],
       [1430, 2440],
       [1752, 2450],
       [1744, 2740]]), array([[1430, 2440],
       [1438, 2119],
       [1761, 2128],
       [1752, 2450]]), array([[1438, 2119],
       [1446, 1799],
       [1769, 1806],
       [1761, 2128]]), array([[1446, 1799],
       [1454, 1510],
       [1777, 1516],
       [1769, 1806]]), array([[1744, 2740],
       [1752, 2450],
       [2075, 2460],
       [2067, 2751]]), array([[1752, 2450],
       [1761, 2128],
       [2084, 2137],
       [2075, 2460]]), array([[1761, 2128],
       [1769, 1806],
       [2092, 1813],
       [2084, 2137]]), array([[1769, 1806],
       [1777, 1516],
       [2100, 1523],
       [2092, 1813]]), array([[2067, 2751],
       [2075, 2460],
       [2365, 2469],
       [2357, 2761]]), array([[2075, 2460],
       [2084, 2137],
       [2374, 2144],
       [2365, 2469]]), array([[2084, 2137],
       [2092, 1813],
       [2383, 1820],
       [2374, 2144]]), array([[2092, 1813],
       [2100, 1523],
       [2391, 1528],
       [2383, 1820]])]