Big box:
[array([1125, 2906]), array([1161, 1928]), array([2126, 1956]), array([2111, 2941])]

Small boxes:
[array([[1125, 2906],
       [1134, 2674],
       [1366, 2682],
       [1359, 2914]]), array([[1134, 2674],
       [1143, 2417],
       [1374, 2424],
       [1366, 2682]]), array([[1143, 2417],
       [1152, 2160],
       [1382, 2167],
       [1374, 2424]]), array([[1152, 2160],
       [1161, 1928],
       [1390, 1935],
       [1382, 2167]]), array([[1359, 2914],
       [1366, 2682],
       [1624, 2691],
       [1618, 2924]]), array([[1366, 2682],
       [1374, 2424],
       [1631, 2433],
       [1624, 2691]]), array([[1374, 2424],
       [1382, 2167],
       [1637, 2174],
       [1631, 2433]]), array([[1382, 2167],
       [1390, 1935],
       [1644, 1942],
       [1637, 2174]]), array([[1618, 2924],
       [1624, 2691],
       [1882, 2700],
       [1877, 2933]]), array([[1624, 2691],
       [1631, 2433],
       [1887, 2441],
       [1882, 2700]]), array([[1631, 2433],
       [1637, 2174],
       [1893, 2182],
       [1887, 2441]]), array([[1637, 2174],
       [1644, 1942],
       [1897, 1949],
       [1893, 2182]]), array([[1877, 2933],
       [1882, 2700],
       [2115, 2708],
       [2111, 2941]]), array([[1882, 2700],
       [1887, 2441],
       [2118, 2448],
       [2115, 2708]]), array([[1887, 2441],
       [1893, 2182],
       [2122, 2189],
       [2118, 2448]]), array([[1893, 2182],
       [1897, 1949],
       [2126, 1956],
       [2122, 2189]])]