Big box:
[array([1203, 3023]), array([1231, 2057]), array([2188, 2085]), array([2172, 3066])]

Small boxes:
[array([[1203, 3023],
       [1210, 2794],
       [1438, 2804],
       [1432, 3033]]), array([[1210, 2794],
       [1217, 2540],
       [1445, 2548],
       [1438, 2804]]), array([[1217, 2540],
       [1224, 2286],
       [1452, 2293],
       [1445, 2548]]), array([[1224, 2286],
       [1231, 2057],
       [1458, 2064],
       [1452, 2293]]), array([[1432, 3033],
       [1438, 2804],
       [1693, 2814],
       [1688, 3044]]), array([[1438, 2804],
       [1445, 2548],
       [1698, 2558],
       [1693, 2814]]), array([[1445, 2548],
       [1452, 2293],
       [1704, 2302],
       [1698, 2558]]), array([[1452, 2293],
       [1458, 2064],
       [1710, 2071],
       [1704, 2302]]), array([[1688, 3044],
       [1693, 2814],
       [1947, 2824],
       [1942, 3056]]), array([[1693, 2814],
       [1698, 2558],
       [1952, 2567],
       [1947, 2824]]), array([[1698, 2558],
       [1704, 2302],
       [1957, 2310],
       [1952, 2567]]), array([[1704, 2302],
       [1710, 2071],
       [1961, 2078],
       [1957, 2310]]), array([[1942, 3056],
       [1947, 2824],
       [2176, 2834],
       [2172, 3066]]), array([[1947, 2824],
       [1952, 2567],
       [2180, 2576],
       [2176, 2834]]), array([[1952, 2567],
       [1957, 2310],
       [2184, 2317],
       [2180, 2576]]), array([[1957, 2310],
       [1961, 2078],
       [2188, 2085],
       [2184, 2317]])]