Big box:
[array([1065, 2941]), array([1094, 1954]), array([2058, 1973]), array([2051, 2963])]

Small boxes:
[array([[1065, 2941],
       [1072, 2707],
       [1304, 2712],
       [1299, 2946]]), array([[1072, 2707],
       [1080, 2448],
       [1310, 2452],
       [1304, 2712]]), array([[1080, 2448],
       [1087, 2188],
       [1317, 2192],
       [1310, 2452]]), array([[1087, 2188],
       [1094, 1954],
       [1322, 1958],
       [1317, 2192]]), array([[1299, 2946],
       [1304, 2712],
       [1562, 2718],
       [1558, 2952]]), array([[1304, 2712],
       [1310, 2452],
       [1567, 2458],
       [1562, 2718]]), array([[1310, 2452],
       [1317, 2192],
       [1572, 2198],
       [1567, 2458]]), array([[1317, 2192],
       [1322, 1958],
       [1576, 1964],
       [1572, 2198]]), array([[1558, 2952],
       [1562, 2718],
       [1820, 2723],
       [1817, 2958]]), array([[1562, 2718],
       [1567, 2458],
       [1824, 2463],
       [1820, 2723]]), array([[1567, 2458],
       [1572, 2198],
       [1827, 2203],
       [1824, 2463]]), array([[1572, 2198],
       [1576, 1964],
       [1830, 1968],
       [1827, 2203]]), array([[1817, 2958],
       [1820, 2723],
       [2053, 2729],
       [2051, 2963]]), array([[1820, 2723],
       [1824, 2463],
       [2054, 2468],
       [2053, 2729]]), array([[1824, 2463],
       [1827, 2203],
       [2056, 2207],
       [2054, 2468]]), array([[1827, 2203],
       [1830, 1968],
       [2058, 1973],
       [2056, 2207]])]