Big box:
[array([1058, 2927]), array([1082, 1979]), array([2010, 2001]), array([2000, 2948])]

Small boxes:
[array([[1058, 2927],
       [1064, 2702],
       [1286, 2708],
       [1281, 2932]]), array([[1064, 2702],
       [1070, 2453],
       [1291, 2458],
       [1286, 2708]]), array([[1070, 2453],
       [1076, 2204],
       [1297, 2209],
       [1291, 2458]]), array([[1076, 2204],
       [1082, 1979],
       [1302, 1984],
       [1297, 2209]]), array([[1281, 2932],
       [1286, 2708],
       [1533, 2713],
       [1529, 2938]]), array([[1286, 2708],
       [1291, 2458],
       [1538, 2464],
       [1533, 2713]]), array([[1291, 2458],
       [1297, 2209],
       [1542, 2214],
       [1538, 2464]]), array([[1297, 2209],
       [1302, 1984],
       [1546, 1990],
       [1542, 2214]]), array([[1529, 2938],
       [1533, 2713],
       [1780, 2719],
       [1777, 2943]]), array([[1533, 2713],
       [1538, 2464],
       [1784, 2469],
       [1780, 2719]]), array([[1538, 2464],
       [1542, 2214],
       [1787, 2220],
       [1784, 2469]]), array([[1542, 2214],
       [1546, 1990],
       [1790, 1996],
       [1787, 2220]]), array([[1777, 2943],
       [1780, 2719],
       [2002, 2724],
       [2000, 2948]]), array([[1780, 2719],
       [1784, 2469],
       [2005, 2474],
       [2002, 2724]]), array([[1784, 2469],
       [1787, 2220],
       [2008, 2225],
       [2005, 2474]]), array([[1787, 2220],
       [1790, 1996],
       [2010, 2001],
       [2008, 2225]])]