Big box:
[array([1059, 1590]), array([2212, 1576]), array([2232, 2733]), array([1069, 2744])]

Small boxes:
[array([[1059, 1590],
       [1332, 1587],
       [1335, 1860],
       [1061, 1863]]), array([[1332, 1587],
       [1636, 1583],
       [1639, 1857],
       [1335, 1860]]), array([[1636, 1583],
       [1939, 1579],
       [1943, 1853],
       [1639, 1857]]), array([[1939, 1579],
       [2212, 1576],
       [2217, 1850],
       [1943, 1853]]), array([[1061, 1863],
       [1335, 1860],
       [1338, 2164],
       [1064, 2167]]), array([[1335, 1860],
       [1639, 1857],
       [1643, 2161],
       [1338, 2164]]), array([[1639, 1857],
       [1943, 1853],
       [1948, 2157],
       [1643, 2161]]), array([[1943, 1853],
       [2217, 1850],
       [2222, 2154],
       [1948, 2157]]), array([[1064, 2167],
       [1338, 2164],
       [1342, 2468],
       [1067, 2471]]), array([[1338, 2164],
       [1643, 2161],
       [1647, 2465],
       [1342, 2468]]), array([[1643, 2161],
       [1948, 2157],
       [1952, 2462],
       [1647, 2465]]), array([[1948, 2157],
       [2222, 2154],
       [2227, 2459],
       [1952, 2462]]), array([[1067, 2471],
       [1342, 2468],
       [1344, 2741],
       [1069, 2744]]), array([[1342, 2468],
       [1647, 2465],
       [1650, 2738],
       [1344, 2741]]), array([[1647, 2465],
       [1952, 2462],
       [1957, 2736],
       [1650, 2738]]), array([[1952, 2462],
       [2227, 2459],
       [2232, 2733],
       [1957, 2736]])]