Big box:
[array([1021, 1937]), array([1981, 1943]), array([1981, 2911]), array([1015, 2914])]

Small boxes:
[array([[1021, 1937],
       [1248, 1938],
       [1247, 2169],
       [1020, 2168]]), array([[1248, 1938],
       [1501, 1940],
       [1500, 2170],
       [1247, 2169]]), array([[1501, 1940],
       [1754, 1942],
       [1753, 2171],
       [1500, 2170]]), array([[1754, 1942],
       [1981, 1943],
       [1981, 2172],
       [1753, 2171]]), array([[1020, 2168],
       [1247, 2169],
       [1246, 2426],
       [1018, 2426]]), array([[1247, 2169],
       [1500, 2170],
       [1500, 2426],
       [1246, 2426]]), array([[1500, 2170],
       [1753, 2171],
       [1753, 2427],
       [1500, 2426]]), array([[1753, 2171],
       [1981, 2172],
       [1981, 2427],
       [1753, 2427]]), array([[1018, 2426],
       [1246, 2426],
       [1245, 2682],
       [1016, 2683]]), array([[1246, 2426],
       [1500, 2426],
       [1499, 2682],
       [1245, 2682]]), array([[1500, 2426],
       [1753, 2427],
       [1753, 2682],
       [1499, 2682]]), array([[1753, 2427],
       [1981, 2427],
       [1981, 2682],
       [1753, 2682]]), array([[1016, 2683],
       [1245, 2682],
       [1244, 2913],
       [1015, 2914]]), array([[1245, 2682],
       [1499, 2682],
       [1498, 2912],
       [1244, 2913]]), array([[1499, 2682],
       [1753, 2682],
       [1752, 2912],
       [1498, 2912]]), array([[1753, 2682],
       [1981, 2682],
       [1981, 2911],
       [1752, 2912]])]