Big box:
[array([1061, 2646]), array([1080, 1505]), array([2226, 1530]), array([2207, 2659])]

Small boxes:
[array([[1061, 2646],
       [1066, 2376],
       [1337, 2380],
       [1332, 2649]]), array([[1066, 2376],
       [1070, 2076],
       [1342, 2080],
       [1337, 2380]]), array([[1070, 2076],
       [1076, 1775],
       [1347, 1780],
       [1342, 2080]]), array([[1076, 1775],
       [1080, 1505],
       [1351, 1511],
       [1347, 1780]]), array([[1332, 2649],
       [1337, 2380],
       [1638, 2384],
       [1634, 2652]]), array([[1337, 2380],
       [1342, 2080],
       [1644, 2085],
       [1638, 2384]]), array([[1342, 2080],
       [1347, 1780],
       [1648, 1786],
       [1644, 2085]]), array([[1347, 1780],
       [1351, 1511],
       [1653, 1518],
       [1648, 1786]]), array([[1634, 2652],
       [1638, 2384],
       [1940, 2388],
       [1936, 2656]]), array([[1638, 2384],
       [1644, 2085],
       [1945, 2090],
       [1940, 2388]]), array([[1644, 2085],
       [1648, 1786],
       [1950, 1792],
       [1945, 2090]]), array([[1648, 1786],
       [1653, 1518],
       [1955, 1524],
       [1950, 1792]]), array([[1936, 2656],
       [1940, 2388],
       [2212, 2392],
       [2207, 2659]]), array([[1940, 2388],
       [1945, 2090],
       [2216, 2094],
       [2212, 2392]]), array([[1945, 2090],
       [1950, 1792],
       [2222, 1797],
       [2216, 2094]]), array([[1950, 1792],
       [1955, 1524],
       [2226, 1530],
       [2222, 1797]])]