Big box:
[array([1155, 1863]), array([2131, 1849]), array([2151, 2842]), array([1162, 2843])]

Small boxes:
[array([[1155, 1863],
       [1386, 1860],
       [1389, 2093],
       [1157, 2095]]), array([[1386, 1860],
       [1643, 1856],
       [1646, 2090],
       [1389, 2093]]), array([[1643, 1856],
       [1900, 1852],
       [1904, 2087],
       [1646, 2090]]), array([[1900, 1852],
       [2131, 1849],
       [2136, 2084],
       [1904, 2087]]), array([[1157, 2095],
       [1389, 2093],
       [1391, 2351],
       [1158, 2353]]), array([[1389, 2093],
       [1646, 2090],
       [1650, 2349],
       [1391, 2351]]), array([[1646, 2090],
       [1904, 2087],
       [1908, 2347],
       [1650, 2349]]), array([[1904, 2087],
       [2136, 2084],
       [2141, 2346],
       [1908, 2347]]), array([[1158, 2353],
       [1391, 2351],
       [1394, 2610],
       [1160, 2611]]), array([[1391, 2351],
       [1650, 2349],
       [1653, 2609],
       [1394, 2610]]), array([[1650, 2349],
       [1908, 2347],
       [1913, 2608],
       [1653, 2609]]), array([[1908, 2347],
       [2141, 2346],
       [2146, 2607],
       [1913, 2608]]), array([[1160, 2611],
       [1394, 2610],
       [1396, 2843],
       [1162, 2843]]), array([[1394, 2610],
       [1653, 2609],
       [1656, 2842],
       [1396, 2843]]), array([[1653, 2609],
       [1913, 2608],
       [1917, 2842],
       [1656, 2842]]), array([[1913, 2608],
       [2146, 2607],
       [2151, 2842],
       [1917, 2842]])]