Big box:
[array([1043, 2973]), array([1052, 2002]), array([2011, 2002]), array([2017, 2973])]

Small boxes:
[array([[1043, 2973],
       [1045, 2743],
       [1275, 2743],
       [1274, 2973]]), array([[1045, 2743],
       [1048, 2488],
       [1276, 2488],
       [1275, 2743]]), array([[1048, 2488],
       [1050, 2232],
       [1278, 2232],
       [1276, 2488]]), array([[1050, 2232],
       [1052, 2002],
       [1279, 2002],
       [1278, 2232]]), array([[1274, 2973],
       [1275, 2743],
       [1530, 2743],
       [1530, 2973]]), array([[1275, 2743],
       [1276, 2488],
       [1531, 2488],
       [1530, 2743]]), array([[1276, 2488],
       [1278, 2232],
       [1531, 2232],
       [1531, 2488]]), array([[1278, 2232],
       [1279, 2002],
       [1532, 2002],
       [1531, 2232]]), array([[1530, 2973],
       [1530, 2743],
       [1786, 2743],
       [1786, 2973]]), array([[1530, 2743],
       [1531, 2488],
       [1785, 2488],
       [1786, 2743]]), array([[1531, 2488],
       [1531, 2232],
       [1784, 2232],
       [1785, 2488]]), array([[1531, 2232],
       [1532, 2002],
       [1784, 2002],
       [1784, 2232]]), array([[1786, 2973],
       [1786, 2743],
       [2016, 2743],
       [2017, 2973]]), array([[1786, 2743],
       [1785, 2488],
       [2014, 2488],
       [2016, 2743]]), array([[1785, 2488],
       [1784, 2232],
       [2012, 2232],
       [2014, 2488]]), array([[1784, 2232],
       [1784, 2002],
       [2011, 2002],
       [2012, 2232]])]