Big box:
[array([ 902, 2719]), array([ 936, 1569]), array([2081, 1594]), array([2062, 2744])]

Small boxes:
[array([[ 902, 2719],
       [ 910, 2447],
       [1184, 2453],
       [1177, 2725]]), array([[ 910, 2447],
       [ 919, 2144],
       [1192, 2150],
       [1184, 2453]]), array([[ 919, 2144],
       [ 928, 1841],
       [1200, 1847],
       [1192, 2150]]), array([[ 928, 1841],
       [ 936, 1569],
       [1207, 1575],
       [1200, 1847]]), array([[1177, 2725],
       [1184, 2453],
       [1488, 2459],
       [1482, 2732]]), array([[1184, 2453],
       [1192, 2150],
       [1495, 2156],
       [1488, 2459]]), array([[1192, 2150],
       [1200, 1847],
       [1502, 1854],
       [1495, 2156]]), array([[1200, 1847],
       [1207, 1575],
       [1508, 1582],
       [1502, 1854]]), array([[1482, 2732],
       [1488, 2459],
       [1793, 2466],
       [1787, 2738]]), array([[1488, 2459],
       [1495, 2156],
       [1799, 2163],
       [1793, 2466]]), array([[1495, 2156],
       [1502, 1854],
       [1804, 1860],
       [1799, 2163]]), array([[1502, 1854],
       [1508, 1582],
       [1810, 1588],
       [1804, 1860]]), array([[1787, 2738],
       [1793, 2466],
       [2066, 2472],
       [2062, 2744]]), array([[1793, 2466],
       [1799, 2163],
       [2072, 2169],
       [2066, 2472]]), array([[1799, 2163],
       [1804, 1860],
       [2076, 1866],
       [2072, 2169]]), array([[1804, 1860],
       [1810, 1588],
       [2081, 1594],
       [2076, 1866]])]