Big box:
[array([ 707, 2702]), array([ 740, 1455]), array([1980, 1494]), array([1950, 2726])]

Small boxes:
[array([[ 707, 2702],
       [ 715, 2407],
       [1009, 2413],
       [1001, 2708]]), array([[ 715, 2407],
       [ 724, 2078],
       [1018, 2086],
       [1009, 2413]]), array([[ 724, 2078],
       [ 732, 1750],
       [1026, 1759],
       [1018, 2086]]), array([[ 732, 1750],
       [ 740, 1455],
       [1034, 1464],
       [1026, 1759]]), array([[1001, 2708],
       [1009, 2413],
       [1336, 2420],
       [1328, 2714]]), array([[1009, 2413],
       [1018, 2086],
       [1344, 2094],
       [1336, 2420]]), array([[1018, 2086],
       [1026, 1759],
       [1353, 1768],
       [1344, 2094]]), array([[1026, 1759],
       [1034, 1464],
       [1360, 1474],
       [1353, 1768]]), array([[1328, 2714],
       [1336, 2420],
       [1663, 2428],
       [1656, 2720]]), array([[1336, 2420],
       [1344, 2094],
       [1671, 2103],
       [1663, 2428]]), array([[1344, 2094],
       [1353, 1768],
       [1679, 1777],
       [1671, 2103]]), array([[1353, 1768],
       [1360, 1474],
       [1686, 1485],
       [1679, 1777]]), array([[1656, 2720],
       [1663, 2428],
       [1957, 2434],
       [1950, 2726]]), array([[1663, 2428],
       [1671, 2103],
       [1965, 2110],
       [1957, 2434]]), array([[1671, 2103],
       [1679, 1777],
       [1973, 1786],
       [1965, 2110]]), array([[1679, 1777],
       [1686, 1485],
       [1980, 1494],
       [1973, 1786]])]