Big box:
[array([1187, 2891]), array([1221, 1912]), array([2188, 1942]), array([2166, 2924])]

Small boxes:
[array([[1187, 2891],
       [1195, 2659],
       [1426, 2667],
       [1419, 2899]]), array([[1195, 2659],
       [1204, 2402],
       [1434, 2409],
       [1426, 2667]]), array([[1204, 2402],
       [1213, 2144],
       [1443, 2151],
       [1434, 2409]]), array([[1213, 2144],
       [1221, 1912],
       [1450, 1919],
       [1443, 2151]]), array([[1419, 2899],
       [1426, 2667],
       [1683, 2675],
       [1676, 2908]]), array([[1426, 2667],
       [1434, 2409],
       [1690, 2417],
       [1683, 2675]]), array([[1434, 2409],
       [1443, 2151],
       [1698, 2159],
       [1690, 2417]]), array([[1443, 2151],
       [1450, 1919],
       [1704, 1927],
       [1698, 2159]]), array([[1676, 2908],
       [1683, 2675],
       [1940, 2684],
       [1934, 2916]]), array([[1683, 2675],
       [1690, 2417],
       [1947, 2426],
       [1940, 2684]]), array([[1690, 2417],
       [1698, 2159],
       [1953, 2167],
       [1947, 2426]]), array([[1698, 2159],
       [1704, 1927],
       [1959, 1935],
       [1953, 2167]]), array([[1934, 2916],
       [1940, 2684],
       [2171, 2691],
       [2166, 2924]]), array([[1940, 2684],
       [1947, 2426],
       [2177, 2433],
       [2171, 2691]]), array([[1947, 2426],
       [1953, 2167],
       [2183, 2175],
       [2177, 2433]]), array([[1953, 2167],
       [1959, 1935],
       [2188, 1942],
       [2183, 2175]])]