Big box:
[array([ 975, 3049]), array([1022, 2077]), array([1969, 2103]), array([1954, 3075])]

Small boxes:
[array([[ 975, 3049],
       [ 986, 2819],
       [1216, 2825],
       [1207, 3055]]), array([[ 986, 2819],
       [ 998, 2563],
       [1227, 2569],
       [1216, 2825]]), array([[ 998, 2563],
       [1011, 2307],
       [1237, 2313],
       [1227, 2569]]), array([[1011, 2307],
       [1022, 2077],
       [1246, 2083],
       [1237, 2313]]), array([[1207, 3055],
       [1216, 2825],
       [1472, 2832],
       [1464, 3062]]), array([[1216, 2825],
       [1227, 2569],
       [1480, 2576],
       [1472, 2832]]), array([[1227, 2569],
       [1237, 2313],
       [1488, 2320],
       [1480, 2576]]), array([[1237, 2313],
       [1246, 2083],
       [1496, 2090],
       [1488, 2320]]), array([[1464, 3062],
       [1472, 2832],
       [1727, 2839],
       [1722, 3069]]), array([[1472, 2832],
       [1480, 2576],
       [1733, 2583],
       [1727, 2839]]), array([[1480, 2576],
       [1488, 2320],
       [1739, 2327],
       [1733, 2583]]), array([[1488, 2320],
       [1496, 2090],
       [1745, 2097],
       [1739, 2327]]), array([[1722, 3069],
       [1727, 2839],
       [1958, 2845],
       [1954, 3075]]), array([[1727, 2839],
       [1733, 2583],
       [1962, 2589],
       [1958, 2845]]), array([[1733, 2583],
       [1739, 2327],
       [1965, 2333],
       [1962, 2589]]), array([[1739, 2327],
       [1745, 2097],
       [1969, 2103],
       [1965, 2333]])]