Big box:
[array([1029, 2000]), array([1977, 1997]), array([1989, 2974]), array([1014, 2968])]

Small boxes:
[array([[1029, 2000],
       [1254, 1999],
       [1251, 2229],
       [1025, 2229]]), array([[1254, 1999],
       [1503, 1998],
       [1503, 2229],
       [1251, 2229]]), array([[1503, 1998],
       [1752, 1998],
       [1754, 2229],
       [1503, 2229]]), array([[1752, 1998],
       [1977, 1997],
       [1980, 2228],
       [1754, 2229]]), array([[1025, 2229],
       [1251, 2229],
       [1249, 2484],
       [1022, 2484]]), array([[1251, 2229],
       [1503, 2229],
       [1502, 2485],
       [1249, 2484]]), array([[1503, 2229],
       [1754, 2229],
       [1755, 2485],
       [1502, 2485]]), array([[1754, 2229],
       [1980, 2228],
       [1983, 2486],
       [1755, 2485]]), array([[1022, 2484],
       [1249, 2484],
       [1247, 2740],
       [1018, 2739]]), array([[1249, 2484],
       [1502, 2485],
       [1502, 2741],
       [1247, 2740]]), array([[1502, 2485],
       [1755, 2485],
       [1757, 2742],
       [1502, 2741]]), array([[1755, 2485],
       [1983, 2486],
       [1986, 2743],
       [1757, 2742]]), array([[1018, 2739],
       [1247, 2740],
       [1245, 2969],
       [1014, 2968]]), array([[1247, 2740],
       [1502, 2741],
       [1502, 2971],
       [1245, 2969]]), array([[1502, 2741],
       [1757, 2742],
       [1758, 2973],
       [1502, 2971]]), array([[1757, 2742],
       [1986, 2743],
       [1989, 2974],
       [1758, 2973]])]