Big box:
[array([ 966, 2996]), array([1031, 1996]), array([1999, 2044]), array([1970, 3042])]

Small boxes:
[array([[ 966, 2996],
       [ 981, 2759],
       [1217, 2770],
       [1204, 3007]]), array([[ 981, 2759],
       [ 998, 2496],
       [1232, 2507],
       [1217, 2770]]), array([[ 998, 2496],
       [1016, 2233],
       [1247, 2244],
       [1232, 2507]]), array([[1016, 2233],
       [1031, 1996],
       [1260, 2007],
       [1247, 2244]]), array([[1204, 3007],
       [1217, 2770],
       [1479, 2782],
       [1468, 3019]]), array([[1217, 2770],
       [1232, 2507],
       [1492, 2520],
       [1479, 2782]]), array([[1232, 2507],
       [1247, 2244],
       [1504, 2257],
       [1492, 2520]]), array([[1247, 2244],
       [1260, 2007],
       [1515, 2020],
       [1504, 2257]]), array([[1468, 3019],
       [1479, 2782],
       [1741, 2795],
       [1732, 3031]]), array([[1479, 2782],
       [1492, 2520],
       [1751, 2532],
       [1741, 2795]]), array([[1492, 2520],
       [1504, 2257],
       [1761, 2269],
       [1751, 2532]]), array([[1504, 2257],
       [1515, 2020],
       [1770, 2033],
       [1761, 2269]]), array([[1732, 3031],
       [1741, 2795],
       [1977, 2806],
       [1970, 3042]]), array([[1741, 2795],
       [1751, 2532],
       [1984, 2543],
       [1977, 2806]]), array([[1751, 2532],
       [1761, 2269],
       [1992, 2280],
       [1984, 2543]]), array([[1761, 2269],
       [1770, 2033],
       [1999, 2044],
       [1992, 2280]])]