Big box:
[array([1074, 2896]), array([1103, 1917]), array([2069, 1933]), array([2061, 2921])]

Small boxes:
[array([[1074, 2896],
       [1081, 2664],
       [1313, 2670],
       [1308, 2902]]), array([[1081, 2664],
       [1088, 2406],
       [1320, 2411],
       [1313, 2670]]), array([[1088, 2406],
       [1096, 2149],
       [1326, 2153],
       [1320, 2411]]), array([[1096, 2149],
       [1103, 1917],
       [1332, 1921],
       [1326, 2153]]), array([[1308, 2902],
       [1313, 2670],
       [1572, 2676],
       [1568, 2908]]), array([[1313, 2670],
       [1320, 2411],
       [1577, 2417],
       [1572, 2676]]), array([[1320, 2411],
       [1326, 2153],
       [1582, 2158],
       [1577, 2417]]), array([[1326, 2153],
       [1332, 1921],
       [1586, 1925],
       [1582, 2158]]), array([[1568, 2908],
       [1572, 2676],
       [1830, 2682],
       [1827, 2915]]), array([[1572, 2676],
       [1577, 2417],
       [1834, 2422],
       [1830, 2682]]), array([[1577, 2417],
       [1582, 2158],
       [1837, 2163],
       [1834, 2422]]), array([[1582, 2158],
       [1586, 1925],
       [1840, 1929],
       [1837, 2163]]), array([[1827, 2915],
       [1830, 2682],
       [2063, 2687],
       [2061, 2921]]), array([[1830, 2682],
       [1834, 2422],
       [2065, 2427],
       [2063, 2687]]), array([[1834, 2422],
       [1837, 2163],
       [2067, 2167],
       [2065, 2427]]), array([[1837, 2163],
       [1840, 1929],
       [2069, 1933],
       [2067, 2167]])]