Big box:
[array([1117, 2905]), array([1155, 1949]), array([2098, 1974]), array([2084, 2946])]

Small boxes:
[array([[1117, 2905],
       [1126, 2679],
       [1354, 2687],
       [1346, 2915]]), array([[1126, 2679],
       [1136, 2427],
       [1362, 2435],
       [1354, 2687]]), array([[1136, 2427],
       [1146, 2175],
       [1371, 2182],
       [1362, 2435]]), array([[1146, 2175],
       [1155, 1949],
       [1378, 1955],
       [1371, 2182]]), array([[1346, 2915],
       [1354, 2687],
       [1607, 2697],
       [1600, 2926]]), array([[1354, 2687],
       [1362, 2435],
       [1614, 2444],
       [1607, 2697]]), array([[1362, 2435],
       [1371, 2182],
       [1620, 2190],
       [1614, 2444]]), array([[1371, 2182],
       [1378, 1955],
       [1626, 1962],
       [1620, 2190]]), array([[1600, 2926],
       [1607, 2697],
       [1860, 2707],
       [1855, 2936]]), array([[1607, 2697],
       [1614, 2444],
       [1865, 2452],
       [1860, 2707]]), array([[1614, 2444],
       [1620, 2190],
       [1870, 2197],
       [1865, 2452]]), array([[1620, 2190],
       [1626, 1962],
       [1875, 1968],
       [1870, 2197]]), array([[1855, 2936],
       [1860, 2707],
       [2087, 2716],
       [2084, 2946]]), array([[1860, 2707],
       [1865, 2452],
       [2091, 2460],
       [2087, 2716]]), array([[1865, 2452],
       [1870, 2197],
       [2095, 2204],
       [2091, 2460]]), array([[1870, 2197],
       [1875, 1968],
       [2098, 1974],
       [2095, 2204]])]