Big box:
[array([1121, 2898]), array([1162, 1925]), array([2119, 1951]), array([2105, 2939])]

Small boxes:
[array([[1121, 2898],
       [1131, 2668],
       [1362, 2676],
       [1354, 2908]]), array([[1131, 2668],
       [1142, 2412],
       [1371, 2419],
       [1362, 2676]]), array([[1142, 2412],
       [1152, 2155],
       [1380, 2162],
       [1371, 2419]]), array([[1152, 2155],
       [1162, 1925],
       [1389, 1931],
       [1380, 2162]]), array([[1354, 2908],
       [1362, 2676],
       [1620, 2686],
       [1613, 2918]]), array([[1362, 2676],
       [1371, 2419],
       [1627, 2428],
       [1620, 2686]]), array([[1371, 2419],
       [1380, 2162],
       [1634, 2170],
       [1627, 2428]]), array([[1380, 2162],
       [1389, 1931],
       [1640, 1938],
       [1634, 2170]]), array([[1613, 2918],
       [1620, 2686],
       [1877, 2696],
       [1872, 2929]]), array([[1620, 2686],
       [1627, 2428],
       [1882, 2437],
       [1877, 2696]]), array([[1627, 2428],
       [1634, 2170],
       [1888, 2178],
       [1882, 2437]]), array([[1634, 2170],
       [1640, 1938],
       [1892, 1945],
       [1888, 2178]]), array([[1872, 2929],
       [1877, 2696],
       [2108, 2705],
       [2105, 2939]]), array([[1877, 2696],
       [1882, 2437],
       [2112, 2445],
       [2108, 2705]]), array([[1882, 2437],
       [1888, 2178],
       [2116, 2185],
       [2112, 2445]]), array([[1888, 2178],
       [1892, 1945],
       [2119, 1951],
       [2116, 2185]])]