Big box:
[array([1105, 2685]), array([1142, 1787]), array([2038, 1818]), array([2001, 2725])]

Small boxes:
[array([[1105, 2685],
       [1114, 2472],
       [1326, 2481],
       [1317, 2694]]), array([[1114, 2472],
       [1124, 2236],
       [1336, 2244],
       [1326, 2481]]), array([[1124, 2236],
       [1133, 2000],
       [1345, 2008],
       [1336, 2244]]), array([[1133, 2000],
       [1142, 1787],
       [1354, 1794],
       [1345, 2008]]), array([[1317, 2694],
       [1326, 2481],
       [1562, 2491],
       [1553, 2705]]), array([[1326, 2481],
       [1336, 2244],
       [1572, 2254],
       [1562, 2491]]), array([[1336, 2244],
       [1345, 2008],
       [1581, 2016],
       [1572, 2254]]), array([[1345, 2008],
       [1354, 1794],
       [1590, 1802],
       [1581, 2016]]), array([[1553, 2705],
       [1562, 2491],
       [1798, 2501],
       [1789, 2716]]), array([[1562, 2491],
       [1572, 2254],
       [1807, 2263],
       [1798, 2501]]), array([[1572, 2254],
       [1581, 2016],
       [1817, 2025],
       [1807, 2263]]), array([[1581, 2016],
       [1590, 1802],
       [1826, 1811],
       [1817, 2025]]), array([[1789, 2716],
       [1798, 2501],
       [2010, 2510],
       [2001, 2725]]), array([[1798, 2501],
       [1807, 2263],
       [2020, 2272],
       [2010, 2510]]), array([[1807, 2263],
       [1817, 2025],
       [2029, 2033],
       [2020, 2272]]), array([[1817, 2025],
       [1826, 1811],
       [2038, 1818],
       [2029, 2033]])]