Big box:
[array([1056, 2520]), array([1079, 1358]), array([2246, 1376]), array([2223, 2544])]

Small boxes:
[array([[1056, 2520],
       [1061, 2245],
       [1338, 2250],
       [1332, 2526]]), array([[1061, 2245],
       [1068, 1939],
       [1344, 1944],
       [1338, 2250]]), array([[1068, 1939],
       [1074, 1633],
       [1350, 1638],
       [1344, 1944]]), array([[1074, 1633],
       [1079, 1358],
       [1355, 1362],
       [1350, 1638]]), array([[1332, 2526],
       [1338, 2250],
       [1645, 2256],
       [1640, 2532]]), array([[1338, 2250],
       [1344, 1944],
       [1651, 1950],
       [1645, 2256]]), array([[1344, 1944],
       [1350, 1638],
       [1657, 1643],
       [1651, 1950]]), array([[1350, 1638],
       [1355, 1362],
       [1662, 1367],
       [1657, 1643]]), array([[1640, 2532],
       [1645, 2256],
       [1952, 2262],
       [1947, 2538]]), array([[1645, 2256],
       [1651, 1950],
       [1958, 1955],
       [1952, 2262]]), array([[1651, 1950],
       [1657, 1643],
       [1964, 1648],
       [1958, 1955]]), array([[1657, 1643],
       [1662, 1367],
       [1970, 1372],
       [1964, 1648]]), array([[1947, 2538],
       [1952, 2262],
       [2228, 2267],
       [2223, 2544]]), array([[1952, 2262],
       [1958, 1955],
       [2234, 1960],
       [2228, 2267]]), array([[1958, 1955],
       [1964, 1648],
       [2241, 1653],
       [2234, 1960]]), array([[1964, 1648],
       [1970, 1372],
       [2246, 1376],
       [2241, 1653]])]