Big box:
[array([ 911, 2809]), array([ 953, 1786]), array([1964, 1817]), array([1933, 2842])]

Small boxes:
[array([[ 911, 2809],
       [ 921, 2567],
       [1162, 2574],
       [1153, 2817]]), array([[ 921, 2567],
       [ 932, 2298],
       [1173, 2305],
       [1162, 2574]]), array([[ 932, 2298],
       [ 943, 2028],
       [1183, 2036],
       [1173, 2305]]), array([[ 943, 2028],
       [ 953, 1786],
       [1192, 1793],
       [1183, 2036]]), array([[1153, 2817],
       [1162, 2574],
       [1431, 2583],
       [1422, 2826]]), array([[1162, 2574],
       [1173, 2305],
       [1440, 2314],
       [1431, 2583]]), array([[1173, 2305],
       [1183, 2036],
       [1450, 2044],
       [1440, 2314]]), array([[1183, 2036],
       [1192, 1793],
       [1458, 1802],
       [1450, 2044]]), array([[1422, 2826],
       [1431, 2583],
       [1699, 2592],
       [1691, 2834]]), array([[1431, 2583],
       [1440, 2314],
       [1708, 2322],
       [1699, 2592]]), array([[1440, 2314],
       [1450, 2044],
       [1717, 2052],
       [1708, 2322]]), array([[1450, 2044],
       [1458, 1802],
       [1725, 1810],
       [1717, 2052]]), array([[1691, 2834],
       [1699, 2592],
       [1940, 2599],
       [1933, 2842]]), array([[1699, 2592],
       [1708, 2322],
       [1948, 2330],
       [1940, 2599]]), array([[1708, 2322],
       [1717, 2052],
       [1957, 2060],
       [1948, 2330]]), array([[1717, 2052],
       [1725, 1810],
       [1964, 1817],
       [1957, 2060]])]