Big box:
[array([1183, 2804]), array([1217, 1858]), array([2156, 1885]), array([2138, 2840])]

Small boxes:
[array([[1183, 2804],
       [1191, 2580],
       [1416, 2588],
       [1409, 2813]]), array([[1191, 2580],
       [1200, 2331],
       [1424, 2338],
       [1416, 2588]]), array([[1200, 2331],
       [1209, 2082],
       [1432, 2089],
       [1424, 2338]]), array([[1209, 2082],
       [1217, 1858],
       [1439, 1864],
       [1432, 2089]]), array([[1409, 2813],
       [1416, 2588],
       [1667, 2597],
       [1660, 2822]]), array([[1416, 2588],
       [1424, 2338],
       [1674, 2347],
       [1667, 2597]]), array([[1424, 2338],
       [1432, 2089],
       [1680, 2097],
       [1674, 2347]]), array([[1432, 2089],
       [1439, 1864],
       [1686, 1872],
       [1680, 2097]]), array([[1660, 2822],
       [1667, 2597],
       [1917, 2606],
       [1912, 2831]]), array([[1667, 2597],
       [1674, 2347],
       [1923, 2355],
       [1917, 2606]]), array([[1674, 2347],
       [1680, 2097],
       [1928, 2104],
       [1923, 2355]]), array([[1680, 2097],
       [1686, 1872],
       [1934, 1879],
       [1928, 2104]]), array([[1912, 2831],
       [1917, 2606],
       [2142, 2614],
       [2138, 2840]]), array([[1917, 2606],
       [1923, 2355],
       [2147, 2362],
       [2142, 2614]]), array([[1923, 2355],
       [1928, 2104],
       [2152, 2111],
       [2147, 2362]]), array([[1928, 2104],
       [1934, 1879],
       [2156, 1885],
       [2152, 2111]])]