Big box:
[array([ 937, 2953]), array([1005, 1954]), array([1969, 2006]), array([1938, 2987])]

Small boxes:
[array([[ 937, 2953],
       [ 953, 2716],
       [1188, 2725],
       [1174, 2961]]), array([[ 953, 2716],
       [ 971, 2454],
       [1204, 2464],
       [1188, 2725]]), array([[ 971, 2454],
       [ 989, 2191],
       [1219, 2202],
       [1204, 2464]]), array([[ 989, 2191],
       [1005, 1954],
       [1233, 1966],
       [1219, 2202]]), array([[1174, 2961],
       [1188, 2725],
       [1449, 2736],
       [1438, 2970]]), array([[1188, 2725],
       [1204, 2464],
       [1462, 2475],
       [1449, 2736]]), array([[1204, 2464],
       [1219, 2202],
       [1475, 2214],
       [1462, 2475]]), array([[1219, 2202],
       [1233, 1966],
       [1487, 1980],
       [1475, 2214]]), array([[1438, 2970],
       [1449, 2736],
       [1710, 2746],
       [1701, 2979]]), array([[1449, 2736],
       [1462, 2475],
       [1721, 2486],
       [1710, 2746]]), array([[1462, 2475],
       [1475, 2214],
       [1731, 2227],
       [1721, 2486]]), array([[1475, 2214],
       [1487, 1980],
       [1741, 1994],
       [1731, 2227]]), array([[1701, 2979],
       [1710, 2746],
       [1945, 2755],
       [1938, 2987]]), array([[1710, 2746],
       [1721, 2486],
       [1954, 2496],
       [1945, 2755]]), array([[1721, 2486],
       [1731, 2227],
       [1962, 2238],
       [1954, 2496]]), array([[1731, 2227],
       [1741, 1994],
       [1969, 2006],
       [1962, 2238]])]