Big box:
[array([1114, 3024]), array([1143, 2036]), array([2106, 2062]), array([2103, 3041])]

Small boxes:
[array([[1114, 3024],
       [1121, 2790],
       [1354, 2795],
       [1348, 3028]]), array([[1121, 2790],
       [1128, 2530],
       [1360, 2535],
       [1354, 2795]]), array([[1128, 2530],
       [1136, 2270],
       [1366, 2276],
       [1360, 2535]]), array([[1136, 2270],
       [1143, 2036],
       [1371, 2042],
       [1366, 2276]]), array([[1348, 3028],
       [1354, 2795],
       [1612, 2800],
       [1608, 3032]]), array([[1354, 2795],
       [1360, 2535],
       [1616, 2541],
       [1612, 2800]]), array([[1360, 2535],
       [1366, 2276],
       [1621, 2282],
       [1616, 2541]]), array([[1366, 2276],
       [1371, 2042],
       [1624, 2049],
       [1621, 2282]]), array([[1608, 3032],
       [1612, 2800],
       [1871, 2805],
       [1869, 3037]]), array([[1612, 2800],
       [1616, 2541],
       [1873, 2546],
       [1871, 2805]]), array([[1616, 2541],
       [1621, 2282],
       [1876, 2288],
       [1873, 2546]]), array([[1621, 2282],
       [1624, 2049],
       [1878, 2056],
       [1876, 2288]]), array([[1869, 3037],
       [1871, 2805],
       [2104, 2809],
       [2103, 3041]]), array([[1871, 2805],
       [1873, 2546],
       [2104, 2552],
       [2104, 2809]]), array([[1873, 2546],
       [1876, 2288],
       [2105, 2294],
       [2104, 2552]]), array([[1876, 2288],
       [1878, 2056],
       [2106, 2062],
       [2105, 2294]])]