Big box:
[array([1122, 2809]), array([1156, 1858]), array([2098, 1888]), array([2076, 2842])]

Small boxes:
[array([[1122, 2809],
       [1130, 2584],
       [1355, 2591],
       [1348, 2817]]), array([[1130, 2584],
       [1139, 2334],
       [1364, 2341],
       [1355, 2591]]), array([[1139, 2334],
       [1148, 2083],
       [1372, 2091],
       [1364, 2341]]), array([[1148, 2083],
       [1156, 1858],
       [1379, 1865],
       [1372, 2091]]), array([[1348, 2817],
       [1355, 2591],
       [1606, 2600],
       [1599, 2826]]), array([[1355, 2591],
       [1364, 2341],
       [1613, 2349],
       [1606, 2600]]), array([[1364, 2341],
       [1372, 2091],
       [1620, 2099],
       [1613, 2349]]), array([[1372, 2091],
       [1379, 1865],
       [1627, 1873],
       [1620, 2099]]), array([[1599, 2826],
       [1606, 2600],
       [1856, 2608],
       [1850, 2834]]), array([[1606, 2600],
       [1613, 2349],
       [1862, 2358],
       [1856, 2608]]), array([[1613, 2349],
       [1620, 2099],
       [1869, 2107],
       [1862, 2358]]), array([[1620, 2099],
       [1627, 1873],
       [1875, 1881],
       [1869, 2107]]), array([[1850, 2834],
       [1856, 2608],
       [2081, 2616],
       [2076, 2842]]), array([[1856, 2608],
       [1862, 2358],
       [2087, 2365],
       [2081, 2616]]), array([[1862, 2358],
       [1869, 2107],
       [2093, 2114],
       [2087, 2365]]), array([[1869, 2107],
       [1875, 1881],
       [2098, 1888],
       [2093, 2114]])]