Big box:
[array([1046, 2670]), array([1063, 1536]), array([2206, 1549]), array([2186, 2696])]

Small boxes:
[array([[1046, 2670],
       [1050, 2401],
       [1320, 2407],
       [1316, 2676]]), array([[1050, 2401],
       [1054, 2103],
       [1325, 2108],
       [1320, 2407]]), array([[1054, 2103],
       [1059, 1805],
       [1330, 1808],
       [1325, 2108]]), array([[1059, 1805],
       [1063, 1536],
       [1334, 1539],
       [1330, 1808]]), array([[1316, 2676],
       [1320, 2407],
       [1620, 2413],
       [1616, 2683]]), array([[1320, 2407],
       [1325, 2108],
       [1625, 2113],
       [1620, 2413]]), array([[1325, 2108],
       [1330, 1808],
       [1630, 1813],
       [1625, 2113]]), array([[1330, 1808],
       [1334, 1539],
       [1634, 1542],
       [1630, 1813]]), array([[1616, 2683],
       [1620, 2413],
       [1921, 2419],
       [1916, 2690]]), array([[1620, 2413],
       [1625, 2113],
       [1926, 2118],
       [1921, 2419]]), array([[1625, 2113],
       [1630, 1813],
       [1931, 1817],
       [1926, 2118]]), array([[1630, 1813],
       [1634, 1542],
       [1935, 1546],
       [1931, 1817]]), array([[1916, 2690],
       [1921, 2419],
       [2191, 2424],
       [2186, 2696]]), array([[1921, 2419],
       [1926, 2118],
       [2196, 2122],
       [2191, 2424]]), array([[1926, 2118],
       [1931, 1817],
       [2201, 1821],
       [2196, 2122]]), array([[1931, 1817],
       [1935, 1546],
       [2206, 1549],
       [2201, 1821]])]