Big box:
[array([ 994, 1491]), array([2161, 1478]), array([2174, 2648]), array([1009, 2660])]

Small boxes:
[array([[ 994, 1491],
       [1270, 1488],
       [1274, 1765],
       [ 998, 1768]]), array([[1270, 1488],
       [1578, 1484],
       [1581, 1761],
       [1274, 1765]]), array([[1578, 1484],
       [1885, 1481],
       [1888, 1758],
       [1581, 1761]]), array([[1885, 1481],
       [2161, 1478],
       [2164, 1755],
       [1888, 1758]]), array([[ 998, 1768],
       [1274, 1765],
       [1278, 2073],
       [1002, 2076]]), array([[1274, 1765],
       [1581, 1761],
       [1584, 2069],
       [1278, 2073]]), array([[1581, 1761],
       [1888, 1758],
       [1891, 2066],
       [1584, 2069]]), array([[1888, 1758],
       [2164, 1755],
       [2168, 2063],
       [1891, 2066]]), array([[1002, 2076],
       [1278, 2073],
       [1281, 2380],
       [1005, 2383]]), array([[1278, 2073],
       [1584, 2069],
       [1588, 2377],
       [1281, 2380]]), array([[1584, 2069],
       [1891, 2066],
       [1895, 2374],
       [1588, 2377]]), array([[1891, 2066],
       [2168, 2063],
       [2171, 2371],
       [1895, 2374]]), array([[1005, 2383],
       [1281, 2380],
       [1285, 2657],
       [1009, 2660]]), array([[1281, 2380],
       [1588, 2377],
       [1592, 2654],
       [1285, 2657]]), array([[1588, 2377],
       [1895, 2374],
       [1898, 2651],
       [1592, 2654]]), array([[1895, 2374],
       [2171, 2371],
       [2174, 2648],
       [1898, 2651]])]