Big box:
[array([1014, 2863]), array([1056, 1836]), array([2069, 1868]), array([2045, 2896])]

Small boxes:
[array([[1014, 2863],
       [1024, 2620],
       [1267, 2628],
       [1258, 2871]]), array([[1024, 2620],
       [1035, 2350],
       [1277, 2357],
       [1267, 2628]]), array([[1035, 2350],
       [1046, 2079],
       [1287, 2087],
       [1277, 2357]]), array([[1046, 2079],
       [1056, 1836],
       [1296, 1844],
       [1287, 2087]]), array([[1258, 2871],
       [1267, 2628],
       [1537, 2636],
       [1530, 2880]]), array([[1267, 2628],
       [1277, 2357],
       [1546, 2366],
       [1537, 2636]]), array([[1277, 2357],
       [1287, 2087],
       [1555, 2095],
       [1546, 2366]]), array([[1287, 2087],
       [1296, 1844],
       [1562, 1852],
       [1555, 2095]]), array([[1530, 2880],
       [1537, 2636],
       [1808, 2645],
       [1801, 2888]]), array([[1537, 2636],
       [1546, 2366],
       [1815, 2374],
       [1808, 2645]]), array([[1546, 2366],
       [1555, 2095],
       [1822, 2104],
       [1815, 2374]]), array([[1555, 2095],
       [1562, 1852],
       [1829, 1860],
       [1822, 2104]]), array([[1801, 2888],
       [1808, 2645],
       [2051, 2653],
       [2045, 2896]]), array([[1808, 2645],
       [1815, 2374],
       [2057, 2382],
       [2051, 2653]]), array([[1815, 2374],
       [1822, 2104],
       [2063, 2111],
       [2057, 2382]]), array([[1822, 2104],
       [1829, 1860],
       [2069, 1868],
       [2063, 2111]])]