Big box:
[array([1059, 3034]), array([1100, 2060]), array([2041, 2095]), array([2027, 3062])]

Small boxes:
[array([[1059, 3034],
       [1069, 2803],
       [1296, 2810],
       [1288, 3041]]), array([[1069, 2803],
       [1080, 2547],
       [1306, 2554],
       [1296, 2810]]), array([[1080, 2547],
       [1090, 2291],
       [1315, 2299],
       [1306, 2554]]), array([[1090, 2291],
       [1100, 2060],
       [1323, 2068],
       [1315, 2299]]), array([[1288, 3041],
       [1296, 2810],
       [1550, 2818],
       [1543, 3048]]), array([[1296, 2810],
       [1306, 2554],
       [1557, 2563],
       [1550, 2818]]), array([[1306, 2554],
       [1315, 2299],
       [1564, 2307],
       [1557, 2563]]), array([[1315, 2299],
       [1323, 2068],
       [1570, 2078],
       [1564, 2307]]), array([[1543, 3048],
       [1550, 2818],
       [1803, 2826],
       [1798, 3055]]), array([[1550, 2818],
       [1557, 2563],
       [1808, 2571],
       [1803, 2826]]), array([[1557, 2563],
       [1564, 2307],
       [1813, 2316],
       [1808, 2571]]), array([[1564, 2307],
       [1570, 2078],
       [1818, 2087],
       [1813, 2316]]), array([[1798, 3055],
       [1803, 2826],
       [2030, 2833],
       [2027, 3062]]), array([[1803, 2826],
       [1808, 2571],
       [2034, 2578],
       [2030, 2833]]), array([[1808, 2571],
       [1813, 2316],
       [2038, 2324],
       [2034, 2578]]), array([[1813, 2316],
       [1818, 2087],
       [2041, 2095],
       [2038, 2324]])]