Big box:
[array([1086, 2901]), array([1120, 1925]), array([2087, 1952]), array([2066, 2937])]

Small boxes:
[array([[1086, 2901],
       [1094, 2670],
       [1325, 2678],
       [1318, 2910]]), array([[1094, 2670],
       [1103, 2413],
       [1334, 2420],
       [1325, 2678]]), array([[1103, 2413],
       [1112, 2156],
       [1342, 2163],
       [1334, 2420]]), array([[1112, 2156],
       [1120, 1925],
       [1349, 1931],
       [1342, 2163]]), array([[1318, 2910],
       [1325, 2678],
       [1583, 2687],
       [1576, 2919]]), array([[1325, 2678],
       [1334, 2420],
       [1590, 2429],
       [1583, 2687]]), array([[1334, 2420],
       [1342, 2163],
       [1597, 2171],
       [1590, 2429]]), array([[1342, 2163],
       [1349, 1931],
       [1604, 1938],
       [1597, 2171]]), array([[1576, 2919],
       [1583, 2687],
       [1840, 2696],
       [1834, 2928]]), array([[1583, 2687],
       [1590, 2429],
       [1846, 2437],
       [1840, 2696]]), array([[1590, 2429],
       [1597, 2171],
       [1852, 2178],
       [1846, 2437]]), array([[1597, 2171],
       [1604, 1938],
       [1858, 1946],
       [1852, 2178]]), array([[1834, 2928],
       [1840, 2696],
       [2071, 2704],
       [2066, 2937]]), array([[1840, 2696],
       [1846, 2437],
       [2076, 2444],
       [2071, 2704]]), array([[1846, 2437],
       [1852, 2178],
       [2082, 2185],
       [2076, 2444]]), array([[1852, 2178],
       [1858, 1946],
       [2087, 1952],
       [2082, 2185]])]