Big box:
[array([1043, 2974]), array([1099, 2041]), array([2010, 2082]), array([1978, 3024])]

Small boxes:
[array([[1043, 2974],
       [1056, 2753],
       [1276, 2764],
       [1264, 2986]]), array([[1056, 2753],
       [1071, 2508],
       [1290, 2518],
       [1276, 2764]]), array([[1071, 2508],
       [1086, 2262],
       [1303, 2272],
       [1290, 2518]]), array([[1086, 2262],
       [1099, 2041],
       [1315, 2051],
       [1303, 2272]]), array([[1264, 2986],
       [1276, 2764],
       [1521, 2777],
       [1510, 2999]]), array([[1276, 2764],
       [1290, 2518],
       [1532, 2530],
       [1521, 2777]]), array([[1290, 2518],
       [1303, 2272],
       [1544, 2284],
       [1532, 2530]]), array([[1303, 2272],
       [1315, 2051],
       [1554, 2062],
       [1544, 2284]]), array([[1510, 2999],
       [1521, 2777],
       [1765, 2790],
       [1757, 3012]]), array([[1521, 2777],
       [1532, 2530],
       [1775, 2542],
       [1765, 2790]]), array([[1532, 2530],
       [1544, 2284],
       [1785, 2295],
       [1775, 2542]]), array([[1544, 2284],
       [1554, 2062],
       [1794, 2072],
       [1785, 2295]]), array([[1757, 3012],
       [1765, 2790],
       [1986, 2801],
       [1978, 3024]]), array([[1765, 2790],
       [1775, 2542],
       [1994, 2553],
       [1986, 2801]]), array([[1775, 2542],
       [1785, 2295],
       [2002, 2305],
       [1994, 2553]]), array([[1785, 2295],
       [1794, 2072],
       [2010, 2082],
       [2002, 2305]])]