Big box:
[array([1176, 2817]), array([1212, 1858]), array([2167, 1879]), array([2152, 2855])]

Small boxes:
[array([[1176, 2817],
       [1185, 2590],
       [1415, 2598],
       [1407, 2826]]), array([[1185, 2590],
       [1194, 2338],
       [1423, 2344],
       [1415, 2598]]), array([[1194, 2338],
       [1203, 2085],
       [1431, 2091],
       [1423, 2344]]), array([[1203, 2085],
       [1212, 1858],
       [1438, 1863],
       [1431, 2091]]), array([[1407, 2826],
       [1415, 2598],
       [1670, 2607],
       [1664, 2836]]), array([[1415, 2598],
       [1423, 2344],
       [1677, 2352],
       [1670, 2607]]), array([[1423, 2344],
       [1431, 2091],
       [1683, 2098],
       [1677, 2352]]), array([[1431, 2091],
       [1438, 1863],
       [1690, 1868],
       [1683, 2098]]), array([[1664, 2836],
       [1670, 2607],
       [1926, 2616],
       [1921, 2846]]), array([[1670, 2607],
       [1677, 2352],
       [1931, 2360],
       [1926, 2616]]), array([[1677, 2352],
       [1683, 2098],
       [1936, 2104],
       [1931, 2360]]), array([[1683, 2098],
       [1690, 1868],
       [1941, 1874],
       [1936, 2104]]), array([[1921, 2846],
       [1926, 2616],
       [2156, 2624],
       [2152, 2855]]), array([[1926, 2616],
       [1931, 2360],
       [2160, 2367],
       [2156, 2624]]), array([[1931, 2360],
       [1936, 2104],
       [2163, 2110],
       [2160, 2367]]), array([[1936, 2104],
       [1941, 1874],
       [2167, 1879],
       [2163, 2110]])]