Big box:
[array([ 931, 3198]), array([ 998, 2179]), array([1973, 2229]), array([1941, 3239])]

Small boxes:
[array([[ 931, 3198],
       [ 947, 2957],
       [1184, 2967],
       [1170, 3208]]), array([[ 947, 2957],
       [ 964, 2688],
       [1200, 2699],
       [1184, 2967]]), array([[ 964, 2688],
       [ 982, 2420],
       [1215, 2432],
       [1200, 2699]]), array([[ 982, 2420],
       [ 998, 2179],
       [1229, 2191],
       [1215, 2432]]), array([[1170, 3208],
       [1184, 2967],
       [1448, 2978],
       [1436, 3218]]), array([[1184, 2967],
       [1200, 2699],
       [1461, 2711],
       [1448, 2978]]), array([[1200, 2699],
       [1215, 2432],
       [1474, 2444],
       [1461, 2711]]), array([[1215, 2432],
       [1229, 2191],
       [1486, 2204],
       [1474, 2444]]), array([[1436, 3218],
       [1448, 2978],
       [1711, 2990],
       [1702, 3229]]), array([[1448, 2978],
       [1461, 2711],
       [1722, 2723],
       [1711, 2990]]), array([[1461, 2711],
       [1474, 2444],
       [1733, 2457],
       [1722, 2723]]), array([[1474, 2444],
       [1486, 2204],
       [1742, 2217],
       [1733, 2457]]), array([[1702, 3229],
       [1711, 2990],
       [1949, 3000],
       [1941, 3239]]), array([[1711, 2990],
       [1722, 2723],
       [1957, 2734],
       [1949, 3000]]), array([[1722, 2723],
       [1733, 2457],
       [1965, 2468],
       [1957, 2734]]), array([[1733, 2457],
       [1742, 2217],
       [1973, 2229],
       [1965, 2468]])]