Big box:
[array([ 959, 3062]), array([1002, 2136]), array([1900, 2161]), array([1880, 3092])]

Small boxes:
[array([[ 959, 3062],
       [ 969, 2843],
       [1186, 2850],
       [1177, 3069]]), array([[ 969, 2843],
       [ 980, 2599],
       [1196, 2606],
       [1186, 2850]]), array([[ 980, 2599],
       [ 992, 2355],
       [1206, 2362],
       [1196, 2606]]), array([[ 992, 2355],
       [1002, 2136],
       [1215, 2142],
       [1206, 2362]]), array([[1177, 3069],
       [1186, 2850],
       [1427, 2857],
       [1420, 3077]]), array([[1186, 2850],
       [1196, 2606],
       [1435, 2613],
       [1427, 2857]]), array([[1196, 2606],
       [1206, 2362],
       [1444, 2368],
       [1435, 2613]]), array([[1206, 2362],
       [1215, 2142],
       [1451, 2148],
       [1444, 2368]]), array([[1420, 3077],
       [1427, 2857],
       [1668, 2865],
       [1662, 3085]]), array([[1427, 2857],
       [1435, 2613],
       [1675, 2620],
       [1668, 2865]]), array([[1435, 2613],
       [1444, 2368],
       [1681, 2375],
       [1675, 2620]]), array([[1444, 2368],
       [1451, 2148],
       [1687, 2155],
       [1681, 2375]]), array([[1662, 3085],
       [1668, 2865],
       [1885, 2872],
       [1880, 3092]]), array([[1668, 2865],
       [1675, 2620],
       [1890, 2626],
       [1885, 2872]]), array([[1675, 2620],
       [1681, 2375],
       [1895, 2382],
       [1890, 2626]]), array([[1681, 2375],
       [1687, 2155],
       [1900, 2161],
       [1895, 2382]])]