Big box:
[array([1275, 1301]), array([2430, 1248]), array([2447, 2405]), array([1315, 2425])]

Small boxes:
[array([[1275, 1301],
       [1549, 1288],
       [1557, 1557],
       [1284, 1567]]), array([[1549, 1288],
       [1852, 1274],
       [1859, 1545],
       [1557, 1557]]), array([[1852, 1274],
       [2156, 1261],
       [2162, 1533],
       [1859, 1545]]), array([[2156, 1261],
       [2430, 1248],
       [2434, 1522],
       [2162, 1533]]), array([[1284, 1567],
       [1557, 1557],
       [1566, 1854],
       [1295, 1863]]), array([[1557, 1557],
       [1859, 1545],
       [1867, 1845],
       [1566, 1854]]), array([[1859, 1545],
       [2162, 1533],
       [2168, 1835],
       [1867, 1845]]), array([[2162, 1533],
       [2434, 1522],
       [2438, 1826],
       [2168, 1835]]), array([[1295, 1863],
       [1566, 1854],
       [1575, 2152],
       [1306, 2159]]), array([[1566, 1854],
       [1867, 1845],
       [1874, 2145],
       [1575, 2152]]), array([[1867, 1845],
       [2168, 1835],
       [2174, 2138],
       [1874, 2145]]), array([[2168, 1835],
       [2438, 1826],
       [2443, 2131],
       [2174, 2138]]), array([[1306, 2159],
       [1575, 2152],
       [1583, 2420],
       [1315, 2425]]), array([[1575, 2152],
       [1874, 2145],
       [1881, 2415],
       [1583, 2420]]), array([[1874, 2145],
       [2174, 2138],
       [2179, 2410],
       [1881, 2415]]), array([[2174, 2138],
       [2443, 2131],
       [2447, 2405],
       [2179, 2410]])]