Big box:
[array([1034, 2932]), array([1064, 1993]), array([1988, 2006]), array([1981, 2957])]

Small boxes:
[array([[1034, 2932],
       [1041, 2710],
       [1264, 2715],
       [1258, 2938]]), array([[1041, 2710],
       [1049, 2462],
       [1271, 2467],
       [1264, 2715]]), array([[1049, 2462],
       [1057, 2215],
       [1277, 2219],
       [1271, 2467]]), array([[1057, 2215],
       [1064, 1993],
       [1283, 1996],
       [1277, 2219]]), array([[1258, 2938],
       [1264, 2715],
       [1512, 2721],
       [1508, 2944]]), array([[1264, 2715],
       [1271, 2467],
       [1517, 2472],
       [1512, 2721]]), array([[1271, 2467],
       [1277, 2219],
       [1522, 2223],
       [1517, 2472]]), array([[1277, 2219],
       [1283, 1996],
       [1526, 2000],
       [1522, 2223]]), array([[1508, 2944],
       [1512, 2721],
       [1760, 2727],
       [1757, 2951]]), array([[1512, 2721],
       [1517, 2472],
       [1763, 2477],
       [1760, 2727]]), array([[1517, 2472],
       [1522, 2223],
       [1766, 2227],
       [1763, 2477]]), array([[1522, 2223],
       [1526, 2000],
       [1769, 2003],
       [1766, 2227]]), array([[1757, 2951],
       [1760, 2727],
       [1983, 2732],
       [1981, 2957]]), array([[1760, 2727],
       [1763, 2477],
       [1984, 2482],
       [1983, 2732]]), array([[1763, 2477],
       [1766, 2227],
       [1986, 2231],
       [1984, 2482]]), array([[1766, 2227],
       [1769, 2003],
       [1988, 2006],
       [1986, 2231]])]