Big box:
[array([1052, 3012]), array([1095, 2035]), array([2041, 2067]), array([2029, 3038])]

Small boxes:
[array([[1052, 3012],
       [1062, 2781],
       [1292, 2787],
       [1283, 3018]]), array([[1062, 2781],
       [1074, 2524],
       [1301, 2530],
       [1292, 2787]]), array([[1074, 2524],
       [1085, 2266],
       [1311, 2274],
       [1301, 2530]]), array([[1085, 2266],
       [1095, 2035],
       [1319, 2043],
       [1311, 2274]]), array([[1283, 3018],
       [1292, 2787],
       [1547, 2794],
       [1540, 3025]]), array([[1292, 2787],
       [1301, 2530],
       [1554, 2538],
       [1547, 2794]]), array([[1301, 2530],
       [1311, 2274],
       [1561, 2282],
       [1554, 2538]]), array([[1311, 2274],
       [1319, 2043],
       [1568, 2051],
       [1561, 2282]]), array([[1540, 3025],
       [1547, 2794],
       [1802, 2802],
       [1798, 3032]]), array([[1547, 2794],
       [1554, 2538],
       [1807, 2546],
       [1802, 2802]]), array([[1554, 2538],
       [1561, 2282],
       [1812, 2290],
       [1807, 2546]]), array([[1561, 2282],
       [1568, 2051],
       [1817, 2059],
       [1812, 2290]]), array([[1798, 3032],
       [1802, 2802],
       [2032, 2808],
       [2029, 3038]]), array([[1802, 2802],
       [1807, 2546],
       [2035, 2552],
       [2032, 2808]]), array([[1807, 2546],
       [1812, 2290],
       [2038, 2297],
       [2035, 2552]]), array([[1812, 2290],
       [1817, 2059],
       [2041, 2067],
       [2038, 2297]])]