Big box:
[array([1034, 1391]), array([2176, 1372]), array([2197, 2529]), array([1044, 2538])]

Small boxes:
[array([[1034, 1391],
       [1304, 1386],
       [1307, 1659],
       [1036, 1663]]), array([[1304, 1386],
       [1605, 1382],
       [1609, 1654],
       [1307, 1659]]), array([[1605, 1382],
       [1906, 1376],
       [1910, 1650],
       [1609, 1654]]), array([[1906, 1376],
       [2176, 1372],
       [2181, 1646],
       [1910, 1650]]), array([[1036, 1663],
       [1307, 1659],
       [1311, 1961],
       [1039, 1964]]), array([[1307, 1659],
       [1609, 1654],
       [1613, 1958],
       [1311, 1961]]), array([[1609, 1654],
       [1910, 1650],
       [1915, 1954],
       [1613, 1958]]), array([[1910, 1650],
       [2181, 1646],
       [2186, 1950],
       [1915, 1954]]), array([[1039, 1964],
       [1311, 1961],
       [1314, 2264],
       [1042, 2266]]), array([[1311, 1961],
       [1613, 1958],
       [1617, 2261],
       [1314, 2264]]), array([[1613, 1958],
       [1915, 1954],
       [1920, 2258],
       [1617, 2261]]), array([[1915, 1954],
       [2186, 1950],
       [2192, 2255],
       [1920, 2258]]), array([[1042, 2266],
       [1314, 2264],
       [1317, 2536],
       [1044, 2538]]), array([[1314, 2264],
       [1617, 2261],
       [1620, 2534],
       [1317, 2536]]), array([[1617, 2261],
       [1920, 2258],
       [1924, 2531],
       [1620, 2534]]), array([[1920, 2258],
       [2192, 2255],
       [2197, 2529],
       [1924, 2531]])]