Big box:
[array([1003, 3009]), array([1066, 2011]), array([2034, 2058]), array([2004, 3062])]

Small boxes:
[array([[1003, 3009],
       [1018, 2773],
       [1253, 2785],
       [1240, 3022]]), array([[1018, 2773],
       [1034, 2510],
       [1268, 2522],
       [1253, 2785]]), array([[1034, 2510],
       [1051, 2247],
       [1282, 2259],
       [1268, 2522]]), array([[1051, 2247],
       [1066, 2011],
       [1295, 2022],
       [1282, 2259]]), array([[1240, 3022],
       [1253, 2785],
       [1515, 2798],
       [1504, 3036]]), array([[1253, 2785],
       [1268, 2522],
       [1527, 2535],
       [1515, 2798]]), array([[1268, 2522],
       [1282, 2259],
       [1539, 2272],
       [1527, 2535]]), array([[1282, 2259],
       [1295, 2022],
       [1550, 2034],
       [1539, 2272]]), array([[1504, 3036],
       [1515, 2798],
       [1776, 2812],
       [1767, 3049]]), array([[1515, 2798],
       [1527, 2535],
       [1786, 2548],
       [1776, 2812]]), array([[1527, 2535],
       [1539, 2272],
       [1796, 2284],
       [1786, 2548]]), array([[1539, 2272],
       [1550, 2034],
       [1805, 2047],
       [1796, 2284]]), array([[1767, 3049],
       [1776, 2812],
       [2011, 2824],
       [2004, 3062]]), array([[1776, 2812],
       [1786, 2548],
       [2019, 2560],
       [2011, 2824]]), array([[1786, 2548],
       [1796, 2284],
       [2027, 2296],
       [2019, 2560]]), array([[1796, 2284],
       [1805, 2047],
       [2034, 2058],
       [2027, 2296]])]