Big box:
[array([1110, 3064]), array([1134, 2133]), array([2043, 2151]), array([2037, 3088])]

Small boxes:
[array([[1110, 3064],
       [1116, 2844],
       [1334, 2849],
       [1330, 3070]]), array([[1116, 2844],
       [1122, 2598],
       [1339, 2603],
       [1334, 2849]]), array([[1122, 2598],
       [1128, 2354],
       [1345, 2358],
       [1339, 2603]]), array([[1128, 2354],
       [1134, 2133],
       [1349, 2137],
       [1345, 2358]]), array([[1330, 3070],
       [1334, 2849],
       [1577, 2855],
       [1574, 3076]]), array([[1334, 2849],
       [1339, 2603],
       [1581, 2609],
       [1577, 2855]]), array([[1339, 2603],
       [1345, 2358],
       [1585, 2363],
       [1581, 2609]]), array([[1345, 2358],
       [1349, 2137],
       [1588, 2142],
       [1585, 2363]]), array([[1574, 3076],
       [1577, 2855],
       [1820, 2861],
       [1817, 3082]]), array([[1577, 2855],
       [1581, 2609],
       [1823, 2615],
       [1820, 2861]]), array([[1581, 2609],
       [1585, 2363],
       [1825, 2368],
       [1823, 2615]]), array([[1585, 2363],
       [1588, 2142],
       [1828, 2147],
       [1825, 2368]]), array([[1817, 3082],
       [1820, 2861],
       [2038, 2866],
       [2037, 3088]]), array([[1820, 2861],
       [1823, 2615],
       [2040, 2620],
       [2038, 2866]]), array([[1823, 2615],
       [1825, 2368],
       [2042, 2373],
       [2040, 2620]]), array([[1825, 2368],
       [1828, 2147],
       [2043, 2151],
       [2042, 2373]])]