Big box:
[array([1000, 2935]), array([1010, 1955]), array([1964, 1962]), array([1971, 2934])]

Small boxes:
[array([[1000, 2935],
       [1002, 2703],
       [1231, 2703],
       [1230, 2935]]), array([[1002, 2703],
       [1005, 2445],
       [1233, 2446],
       [1231, 2703]]), array([[1005, 2445],
       [1008, 2187],
       [1235, 2188],
       [1233, 2446]]), array([[1008, 2187],
       [1010, 1955],
       [1236, 1957],
       [1235, 2188]]), array([[1230, 2935],
       [1231, 2703],
       [1486, 2703],
       [1486, 2934]]), array([[1231, 2703],
       [1233, 2446],
       [1486, 2446],
       [1486, 2703]]), array([[1233, 2446],
       [1235, 2188],
       [1487, 2190],
       [1486, 2446]]), array([[1235, 2188],
       [1236, 1957],
       [1487, 1958],
       [1487, 2190]]), array([[1486, 2934],
       [1486, 2703],
       [1740, 2704],
       [1741, 2934]]), array([[1486, 2703],
       [1486, 2446],
       [1740, 2447],
       [1740, 2704]]), array([[1486, 2446],
       [1487, 2190],
       [1739, 2191],
       [1740, 2447]]), array([[1487, 2190],
       [1487, 1958],
       [1738, 1960],
       [1739, 2191]]), array([[1741, 2934],
       [1740, 2704],
       [1969, 2704],
       [1971, 2934]]), array([[1740, 2704],
       [1740, 2447],
       [1968, 2448],
       [1969, 2704]]), array([[1740, 2447],
       [1739, 2191],
       [1966, 2192],
       [1968, 2448]]), array([[1739, 2191],
       [1738, 1960],
       [1964, 1962],
       [1966, 2192]])]