Big box:
[array([1049, 2835]), array([1093, 1865]), array([2045, 1891]), array([2028, 2867])]

Small boxes:
[array([[1049, 2835],
       [1059, 2605],
       [1290, 2613],
       [1281, 2843]]), array([[1059, 2605],
       [1071, 2350],
       [1300, 2357],
       [1290, 2613]]), array([[1071, 2350],
       [1083, 2095],
       [1310, 2101],
       [1300, 2357]]), array([[1083, 2095],
       [1093, 1865],
       [1318, 1871],
       [1310, 2101]]), array([[1281, 2843],
       [1290, 2613],
       [1546, 2621],
       [1538, 2851]]), array([[1290, 2613],
       [1300, 2357],
       [1554, 2364],
       [1546, 2621]]), array([[1300, 2357],
       [1310, 2101],
       [1562, 2108],
       [1554, 2364]]), array([[1310, 2101],
       [1318, 1871],
       [1569, 1878],
       [1562, 2108]]), array([[1538, 2851],
       [1546, 2621],
       [1802, 2629],
       [1796, 2859]]), array([[1546, 2621],
       [1554, 2364],
       [1808, 2372],
       [1802, 2629]]), array([[1554, 2364],
       [1562, 2108],
       [1814, 2116],
       [1808, 2372]]), array([[1562, 2108],
       [1569, 1878],
       [1820, 1885],
       [1814, 2116]]), array([[1796, 2859],
       [1802, 2629],
       [2032, 2636],
       [2028, 2867]]), array([[1802, 2629],
       [1808, 2372],
       [2036, 2379],
       [2032, 2636]]), array([[1808, 2372],
       [1814, 2116],
       [2041, 2122],
       [2036, 2379]]), array([[1814, 2116],
       [1820, 1885],
       [2045, 1891],
       [2041, 2122]])]