Big box:
[array([1005, 1860]), array([1930, 1863]), array([1933, 2796]), array([ 996, 2796])]

Small boxes:
[array([[1005, 1860],
       [1224, 1861],
       [1223, 2082],
       [1003, 2082]]), array([[1224, 1861],
       [1468, 1862],
       [1467, 2083],
       [1223, 2082]]), array([[1468, 1862],
       [1711, 1862],
       [1711, 2083],
       [1467, 2083]]), array([[1711, 1862],
       [1930, 1863],
       [1931, 2084],
       [1711, 2083]]), array([[1003, 2082],
       [1223, 2082],
       [1221, 2328],
       [1000, 2328]]), array([[1223, 2082],
       [1467, 2083],
       [1466, 2329],
       [1221, 2328]]), array([[1467, 2083],
       [1711, 2083],
       [1711, 2329],
       [1466, 2329]]), array([[1711, 2083],
       [1931, 2084],
       [1932, 2330],
       [1711, 2329]]), array([[1000, 2328],
       [1221, 2328],
       [1219, 2574],
       [ 998, 2574]]), array([[1221, 2328],
       [1466, 2329],
       [1465, 2575],
       [1219, 2574]]), array([[1466, 2329],
       [1711, 2329],
       [1711, 2575],
       [1465, 2575]]), array([[1711, 2329],
       [1932, 2330],
       [1932, 2575],
       [1711, 2575]]), array([[ 998, 2574],
       [1219, 2574],
       [1218, 2796],
       [ 996, 2796]]), array([[1219, 2574],
       [1465, 2575],
       [1464, 2796],
       [1218, 2796]]), array([[1465, 2575],
       [1711, 2575],
       [1711, 2796],
       [1464, 2796]]), array([[1711, 2575],
       [1932, 2575],
       [1933, 2796],
       [1711, 2796]])]