Big box:
[array([1009, 2909]), array([1022, 1942]), array([1974, 1940]), array([1985, 2916])]

Small boxes:
[array([[1009, 2909],
       [1012, 2680],
       [1242, 2681],
       [1240, 2911]]), array([[1012, 2680],
       [1016, 2426],
       [1244, 2426],
       [1242, 2681]]), array([[1016, 2426],
       [1019, 2171],
       [1246, 2171],
       [1244, 2426]]), array([[1019, 2171],
       [1022, 1942],
       [1247, 1942],
       [1246, 2171]]), array([[1240, 2911],
       [1242, 2681],
       [1497, 2682],
       [1497, 2912]]), array([[1242, 2681],
       [1244, 2426],
       [1498, 2427],
       [1497, 2682]]), array([[1244, 2426],
       [1246, 2171],
       [1498, 2171],
       [1498, 2427]]), array([[1246, 2171],
       [1247, 1942],
       [1498, 1941],
       [1498, 2171]]), array([[1497, 2912],
       [1497, 2682],
       [1753, 2684],
       [1754, 2914]]), array([[1497, 2682],
       [1498, 2427],
       [1751, 2427],
       [1753, 2684]]), array([[1498, 2427],
       [1498, 2171],
       [1750, 2171],
       [1751, 2427]]), array([[1498, 2171],
       [1498, 1941],
       [1749, 1940],
       [1750, 2171]]), array([[1754, 2914],
       [1753, 2684],
       [1982, 2685],
       [1985, 2916]]), array([[1753, 2684],
       [1751, 2427],
       [1980, 2428],
       [1982, 2685]]), array([[1751, 2427],
       [1750, 2171],
       [1977, 2171],
       [1980, 2428]]), array([[1750, 2171],
       [1749, 1940],
       [1974, 1940],
       [1977, 2171]])]