Big box:
[array([ 948, 3119]), array([1008, 2115]), array([1987, 2159]), array([1945, 3172])]

Small boxes:
[array([[ 948, 3119],
       [ 962, 2881],
       [1197, 2893],
       [1184, 3132]]), array([[ 962, 2881],
       [ 978, 2617],
       [1212, 2628],
       [1197, 2893]]), array([[ 978, 2617],
       [ 994, 2353],
       [1227, 2364],
       [1212, 2628]]), array([[ 994, 2353],
       [1008, 2115],
       [1240, 2125],
       [1227, 2364]]), array([[1184, 3132],
       [1197, 2893],
       [1459, 2907],
       [1446, 3146]]), array([[1197, 2893],
       [1212, 2628],
       [1472, 2641],
       [1459, 2907]]), array([[1212, 2628],
       [1227, 2364],
       [1485, 2376],
       [1472, 2641]]), array([[1227, 2364],
       [1240, 2125],
       [1498, 2137],
       [1485, 2376]]), array([[1446, 3146],
       [1459, 2907],
       [1720, 2920],
       [1709, 3159]]), array([[1459, 2907],
       [1472, 2641],
       [1732, 2654],
       [1720, 2920]]), array([[1472, 2641],
       [1485, 2376],
       [1744, 2388],
       [1732, 2654]]), array([[1485, 2376],
       [1498, 2137],
       [1755, 2149],
       [1744, 2388]]), array([[1709, 3159],
       [1720, 2920],
       [1955, 2932],
       [1945, 3172]]), array([[1720, 2920],
       [1732, 2654],
       [1966, 2666],
       [1955, 2932]]), array([[1732, 2654],
       [1744, 2388],
       [1977, 2399],
       [1966, 2666]]), array([[1744, 2388],
       [1755, 2149],
       [1987, 2159],
       [1977, 2399]])]