Big box:
[array([ 920, 2900]), array([ 967, 1914]), array([1925, 1950]), array([1904, 2920])]

Small boxes:
[array([[ 920, 2900],
       [ 931, 2666],
       [1163, 2672],
       [1153, 2905]]), array([[ 931, 2666],
       [ 944, 2407],
       [1173, 2414],
       [1163, 2672]]), array([[ 944, 2407],
       [ 956, 2148],
       [1184, 2155],
       [1173, 2414]]), array([[ 956, 2148],
       [ 967, 1914],
       [1194, 1923],
       [1184, 2155]]), array([[1153, 2905],
       [1163, 2672],
       [1420, 2678],
       [1412, 2910]]), array([[1163, 2672],
       [1173, 2414],
       [1429, 2421],
       [1420, 2678]]), array([[1173, 2414],
       [1184, 2155],
       [1438, 2164],
       [1429, 2421]]), array([[1184, 2155],
       [1194, 1923],
       [1446, 1932],
       [1438, 2164]]), array([[1412, 2910],
       [1420, 2678],
       [1677, 2685],
       [1671, 2915]]), array([[1420, 2678],
       [1429, 2421],
       [1685, 2428],
       [1677, 2685]]), array([[1429, 2421],
       [1438, 2164],
       [1692, 2172],
       [1685, 2428]]), array([[1438, 2164],
       [1446, 1932],
       [1698, 1941],
       [1692, 2172]]), array([[1671, 2915],
       [1677, 2685],
       [1909, 2690],
       [1904, 2920]]), array([[1677, 2685],
       [1685, 2428],
       [1914, 2435],
       [1909, 2690]]), array([[1685, 2428],
       [1692, 2172],
       [1920, 2180],
       [1914, 2435]]), array([[1692, 2172],
       [1698, 1941],
       [1925, 1950],
       [1920, 2180]])]