Big box:
[array([1152, 1618]), array([2294, 1606]), array([2317, 2752]), array([1164, 2760])]

Small boxes:
[array([[1152, 1618],
       [1422, 1615],
       [1426, 1886],
       [1155, 1888]]), array([[1422, 1615],
       [1723, 1612],
       [1727, 1883],
       [1426, 1886]]), array([[1723, 1612],
       [2024, 1609],
       [2028, 1880],
       [1727, 1883]]), array([[2024, 1609],
       [2294, 1606],
       [2299, 1877],
       [2028, 1880]]), array([[1155, 1888],
       [1426, 1886],
       [1430, 2187],
       [1158, 2189]]), array([[1426, 1886],
       [1727, 1883],
       [1732, 2184],
       [1430, 2187]]), array([[1727, 1883],
       [2028, 1880],
       [2034, 2181],
       [1732, 2184]]), array([[2028, 1880],
       [2299, 1877],
       [2306, 2179],
       [2034, 2181]]), array([[1158, 2189],
       [1430, 2187],
       [1434, 2487],
       [1161, 2490]]), array([[1430, 2187],
       [1732, 2184],
       [1736, 2485],
       [1434, 2487]]), array([[1732, 2184],
       [2034, 2181],
       [2039, 2483],
       [1736, 2485]]), array([[2034, 2181],
       [2306, 2179],
       [2312, 2481],
       [2039, 2483]]), array([[1161, 2490],
       [1434, 2487],
       [1437, 2758],
       [1164, 2760]]), array([[1434, 2487],
       [1736, 2485],
       [1740, 2756],
       [1437, 2758]]), array([[1736, 2485],
       [2039, 2483],
       [2044, 2754],
       [1740, 2756]]), array([[2039, 2483],
       [2312, 2481],
       [2317, 2752],
       [2044, 2754]])]