Big box:
[array([1037, 2970]), array([1096, 1982]), array([2063, 2026]), array([2034, 3023])]

Small boxes:
[array([[1037, 2970],
       [1051, 2736],
       [1285, 2748],
       [1273, 2983]]), array([[1051, 2736],
       [1066, 2476],
       [1299, 2487],
       [1285, 2748]]), array([[1066, 2476],
       [1082, 2216],
       [1313, 2227],
       [1299, 2487]]), array([[1082, 2216],
       [1096, 1982],
       [1325, 1992],
       [1313, 2227]]), array([[1273, 2983],
       [1285, 2748],
       [1546, 2761],
       [1536, 2996]]), array([[1285, 2748],
       [1299, 2487],
       [1558, 2500],
       [1546, 2761]]), array([[1299, 2487],
       [1313, 2227],
       [1569, 2239],
       [1558, 2500]]), array([[1313, 2227],
       [1325, 1992],
       [1580, 2004],
       [1569, 2239]]), array([[1536, 2996],
       [1546, 2761],
       [1806, 2775],
       [1798, 3010]]), array([[1546, 2761],
       [1558, 2500],
       [1816, 2513],
       [1806, 2775]]), array([[1558, 2500],
       [1569, 2239],
       [1825, 2251],
       [1816, 2513]]), array([[1569, 2239],
       [1580, 2004],
       [1834, 2016],
       [1825, 2251]]), array([[1798, 3010],
       [1806, 2775],
       [2041, 2787],
       [2034, 3023]]), array([[1806, 2775],
       [1816, 2513],
       [2048, 2524],
       [2041, 2787]]), array([[1816, 2513],
       [1825, 2251],
       [2056, 2262],
       [2048, 2524]]), array([[1825, 2251],
       [1834, 2016],
       [2063, 2026],
       [2056, 2262]])]