Big box:
[array([1165, 3207]), array([1191, 2252]), array([2107, 2269]), array([2110, 3239])]

Small boxes:
[array([[1165, 3207],
       [1171, 2981],
       [1393, 2988],
       [1389, 3215]]), array([[1171, 2981],
       [1178, 2730],
       [1398, 2735],
       [1393, 2988]]), array([[1178, 2730],
       [1185, 2478],
       [1403, 2483],
       [1398, 2735]]), array([[1185, 2478],
       [1191, 2252],
       [1408, 2256],
       [1403, 2483]]), array([[1389, 3215],
       [1393, 2988],
       [1640, 2995],
       [1638, 3223]]), array([[1393, 2988],
       [1398, 2735],
       [1643, 2742],
       [1640, 2995]]), array([[1398, 2735],
       [1403, 2483],
       [1646, 2488],
       [1643, 2742]]), array([[1403, 2483],
       [1408, 2256],
       [1649, 2260],
       [1646, 2488]]), array([[1638, 3223],
       [1640, 2995],
       [1887, 3003],
       [1886, 3231]]), array([[1640, 2995],
       [1643, 2742],
       [1888, 2748],
       [1887, 3003]]), array([[1643, 2742],
       [1646, 2488],
       [1889, 2494],
       [1888, 2748]]), array([[1646, 2488],
       [1649, 2260],
       [1890, 2265],
       [1889, 2494]]), array([[1886, 3231],
       [1887, 3003],
       [2109, 3009],
       [2110, 3239]]), array([[1887, 3003],
       [1888, 2748],
       [2108, 2754],
       [2109, 3009]]), array([[1888, 2748],
       [1889, 2494],
       [2108, 2499],
       [2108, 2754]]), array([[1889, 2494],
       [1890, 2265],
       [2107, 2269],
       [2108, 2499]])]