Big box:
[array([1056, 2723]), array([1095, 1768]), array([2040, 1794]), array([2019, 2752])]

Small boxes:
[array([[1056, 2723],
       [1065, 2497],
       [1292, 2504],
       [1284, 2730]]), array([[1065, 2497],
       [1076, 2246],
       [1301, 2252],
       [1292, 2504]]), array([[1076, 2246],
       [1086, 1994],
       [1311, 2001],
       [1301, 2252]]), array([[1086, 1994],
       [1095, 1768],
       [1319, 1774],
       [1311, 2001]]), array([[1284, 2730],
       [1292, 2504],
       [1545, 2511],
       [1538, 2738]]), array([[1292, 2504],
       [1301, 2252],
       [1552, 2259],
       [1545, 2511]]), array([[1301, 2252],
       [1311, 2001],
       [1560, 2008],
       [1552, 2259]]), array([[1311, 2001],
       [1319, 1774],
       [1568, 1781],
       [1560, 2008]]), array([[1538, 2738],
       [1545, 2511],
       [1797, 2518],
       [1791, 2745]]), array([[1545, 2511],
       [1552, 2259],
       [1804, 2266],
       [1797, 2518]]), array([[1552, 2259],
       [1560, 2008],
       [1810, 2015],
       [1804, 2266]]), array([[1560, 2008],
       [1568, 1781],
       [1816, 1788],
       [1810, 2015]]), array([[1791, 2745],
       [1797, 2518],
       [2024, 2525],
       [2019, 2752]]), array([[1797, 2518],
       [1804, 2266],
       [2030, 2273],
       [2024, 2525]]), array([[1804, 2266],
       [1810, 2015],
       [2035, 2021],
       [2030, 2273]]), array([[1810, 2015],
       [1816, 1788],
       [2040, 1794],
       [2035, 2021]])]