Big box:
[array([1065, 2809]), array([1086, 1873]), array([2014, 1894]), array([1999, 2823])]

Small boxes:
[array([[1065, 2809],
       [1070, 2587],
       [1291, 2591],
       [1286, 2812]]), array([[1070, 2587],
       [1076, 2341],
       [1296, 2345],
       [1291, 2591]]), array([[1076, 2341],
       [1081, 2095],
       [1301, 2099],
       [1296, 2345]]), array([[1081, 2095],
       [1086, 1873],
       [1306, 1878],
       [1301, 2099]]), array([[1286, 2812],
       [1291, 2591],
       [1536, 2595],
       [1532, 2816]]), array([[1291, 2591],
       [1296, 2345],
       [1541, 2350],
       [1536, 2595]]), array([[1296, 2345],
       [1301, 2099],
       [1546, 2104],
       [1541, 2350]]), array([[1301, 2099],
       [1306, 1878],
       [1550, 1884],
       [1546, 2104]]), array([[1532, 2816],
       [1536, 2595],
       [1782, 2599],
       [1778, 2820]]), array([[1536, 2595],
       [1541, 2350],
       [1786, 2354],
       [1782, 2599]]), array([[1541, 2350],
       [1546, 2104],
       [1790, 2109],
       [1786, 2354]]), array([[1546, 2104],
       [1550, 1884],
       [1794, 1889],
       [1790, 2109]]), array([[1778, 2820],
       [1782, 2599],
       [2003, 2603],
       [1999, 2823]]), array([[1782, 2599],
       [1786, 2354],
       [2006, 2358],
       [2003, 2603]]), array([[1786, 2354],
       [1790, 2109],
       [2010, 2114],
       [2006, 2358]]), array([[1790, 2109],
       [1794, 1889],
       [2014, 1894],
       [2010, 2114]])]