Big box:
[array([1057, 2904]), array([1056, 1928]), array([2022, 1932]), array([2017, 2902])]

Small boxes:
[array([[1057, 2904],
       [1057, 2673],
       [1284, 2673],
       [1284, 2904]]), array([[1057, 2673],
       [1056, 2416],
       [1285, 2416],
       [1284, 2673]]), array([[1056, 2416],
       [1056, 2159],
       [1285, 2160],
       [1285, 2416]]), array([[1056, 2159],
       [1056, 1928],
       [1285, 1929],
       [1285, 2160]]), array([[1284, 2904],
       [1284, 2673],
       [1537, 2673],
       [1537, 2903]]), array([[1284, 2673],
       [1285, 2416],
       [1538, 2416],
       [1537, 2673]]), array([[1285, 2416],
       [1285, 2160],
       [1539, 2160],
       [1538, 2416]]), array([[1285, 2160],
       [1285, 1929],
       [1539, 1930],
       [1539, 2160]]), array([[1537, 2903],
       [1537, 2673],
       [1790, 2672],
       [1790, 2902]]), array([[1537, 2673],
       [1538, 2416],
       [1791, 2417],
       [1790, 2672]]), array([[1538, 2416],
       [1539, 2160],
       [1792, 2161],
       [1791, 2417]]), array([[1539, 2160],
       [1539, 1930],
       [1793, 1931],
       [1792, 2161]]), array([[1790, 2902],
       [1790, 2672],
       [2018, 2672],
       [2017, 2902]]), array([[1790, 2672],
       [1791, 2417],
       [2020, 2417],
       [2018, 2672]]), array([[1791, 2417],
       [1792, 2161],
       [2021, 2162],
       [2020, 2417]]), array([[1792, 2161],
       [1793, 1931],
       [2022, 1932],
       [2021, 2162]])]