Big box:
[array([ 845, 2890]), array([ 895, 1901]), array([1873, 1945]), array([1817, 2936])]

Small boxes:
[array([[ 845, 2890],
       [ 857, 2656],
       [1087, 2667],
       [1075, 2901]]), array([[ 857, 2656],
       [ 870, 2396],
       [1101, 2406],
       [1087, 2667]]), array([[ 870, 2396],
       [ 883, 2135],
       [1114, 2146],
       [1101, 2406]]), array([[ 883, 2135],
       [ 895, 1901],
       [1127, 1911],
       [1114, 2146]]), array([[1075, 2901],
       [1087, 2667],
       [1344, 2679],
       [1331, 2913]]), array([[1087, 2667],
       [1101, 2406],
       [1358, 2418],
       [1344, 2679]]), array([[1101, 2406],
       [1114, 2146],
       [1371, 2157],
       [1358, 2418]]), array([[1114, 2146],
       [1127, 1911],
       [1384, 1923],
       [1371, 2157]]), array([[1331, 2913],
       [1344, 2679],
       [1600, 2691],
       [1587, 2925]]), array([[1344, 2679],
       [1358, 2418],
       [1614, 2430],
       [1600, 2691]]), array([[1358, 2418],
       [1371, 2157],
       [1628, 2169],
       [1614, 2430]]), array([[1371, 2157],
       [1384, 1923],
       [1641, 1935],
       [1628, 2169]]), array([[1587, 2925],
       [1600, 2691],
       [1830, 2701],
       [1817, 2936]]), array([[1600, 2691],
       [1614, 2430],
       [1845, 2440],
       [1830, 2701]]), array([[1614, 2430],
       [1628, 2169],
       [1860, 2180],
       [1845, 2440]]), array([[1628, 2169],
       [1641, 1935],
       [1873, 1945],
       [1860, 2180]])]