Big box:
[array([1113, 1878]), array([2074, 1896]), array([2068, 2868]), array([1086, 2850])]

Small boxes:
[array([[1113, 1878],
       [1341, 1882],
       [1335, 2112],
       [1107, 2108]]), array([[1341, 1882],
       [1594, 1887],
       [1590, 2117],
       [1335, 2112]]), array([[1594, 1887],
       [1846, 1892],
       [1844, 2122],
       [1590, 2117]]), array([[1846, 1892],
       [2074, 1896],
       [2073, 2126],
       [1844, 2122]]), array([[1107, 2108],
       [1335, 2112],
       [1330, 2368],
       [1100, 2364]]), array([[1335, 2112],
       [1590, 2117],
       [1585, 2373],
       [1330, 2368]]), array([[1590, 2117],
       [1844, 2122],
       [1841, 2378],
       [1585, 2373]]), array([[1844, 2122],
       [2073, 2126],
       [2071, 2382],
       [1841, 2378]]), array([[1100, 2364],
       [1330, 2368],
       [1324, 2624],
       [1092, 2620]]), array([[1330, 2368],
       [1585, 2373],
       [1581, 2629],
       [1324, 2624]]), array([[1585, 2373],
       [1841, 2378],
       [1838, 2634],
       [1581, 2629]]), array([[1841, 2378],
       [2071, 2382],
       [2069, 2638],
       [1838, 2634]]), array([[1092, 2620],
       [1324, 2624],
       [1319, 2854],
       [1086, 2850]]), array([[1324, 2624],
       [1581, 2629],
       [1577, 2859],
       [1319, 2854]]), array([[1581, 2629],
       [1838, 2634],
       [1835, 2864],
       [1577, 2859]]), array([[1838, 2634],
       [2069, 2638],
       [2068, 2868],
       [1835, 2864]])]