Big box:
[array([1243, 1351]), array([2380, 1316]), array([2409, 2449]), array([1269, 2475])]

Small boxes:
[array([[1243, 1351],
       [1512, 1343],
       [1519, 1609],
       [1249, 1617]]), array([[1512, 1343],
       [1812, 1334],
       [1818, 1601],
       [1519, 1609]]), array([[1812, 1334],
       [2111, 1324],
       [2117, 1592],
       [1818, 1601]]), array([[2111, 1324],
       [2380, 1316],
       [2387, 1584],
       [2117, 1592]]), array([[1249, 1617],
       [1519, 1609],
       [1526, 1906],
       [1256, 1913]]), array([[1519, 1609],
       [1818, 1601],
       [1825, 1898],
       [1526, 1906]]), array([[1818, 1601],
       [2117, 1592],
       [2125, 1890],
       [1825, 1898]]), array([[2117, 1592],
       [2387, 1584],
       [2394, 1882],
       [2125, 1890]]), array([[1256, 1913],
       [1526, 1906],
       [1533, 2202],
       [1263, 2209]]), array([[1526, 1906],
       [1825, 1898],
       [1832, 2195],
       [1533, 2202]]), array([[1825, 1898],
       [2125, 1890],
       [2132, 2187],
       [1832, 2195]]), array([[2125, 1890],
       [2394, 1882],
       [2402, 2181],
       [2132, 2187]]), array([[1263, 2209],
       [1533, 2202],
       [1539, 2469],
       [1269, 2475]]), array([[1533, 2202],
       [1832, 2195],
       [1839, 2462],
       [1539, 2469]]), array([[1832, 2195],
       [2132, 2187],
       [2139, 2455],
       [1839, 2462]]), array([[2132, 2187],
       [2402, 2181],
       [2409, 2449],
       [2139, 2455]])]