Big box:
[array([1073, 2867]), array([1114, 1888]), array([2074, 1923]), array([2057, 2895])]

Small boxes:
[array([[1073, 2867],
       [1083, 2635],
       [1314, 2642],
       [1306, 2874]]), array([[1083, 2635],
       [1094, 2378],
       [1324, 2385],
       [1314, 2642]]), array([[1094, 2378],
       [1104, 2120],
       [1333, 2128],
       [1324, 2385]]), array([[1104, 2120],
       [1114, 1888],
       [1341, 1896],
       [1333, 2128]]), array([[1306, 2874],
       [1314, 2642],
       [1572, 2650],
       [1565, 2881]]), array([[1314, 2642],
       [1324, 2385],
       [1580, 2393],
       [1572, 2650]]), array([[1324, 2385],
       [1333, 2128],
       [1587, 2137],
       [1580, 2393]]), array([[1333, 2128],
       [1341, 1896],
       [1594, 1906],
       [1587, 2137]]), array([[1565, 2881],
       [1572, 2650],
       [1829, 2658],
       [1824, 2888]]), array([[1572, 2650],
       [1580, 2393],
       [1835, 2402],
       [1829, 2658]]), array([[1580, 2393],
       [1587, 2137],
       [1841, 2145],
       [1835, 2402]]), array([[1587, 2137],
       [1594, 1906],
       [1847, 1915],
       [1841, 2145]]), array([[1824, 2888],
       [1829, 2658],
       [2061, 2665],
       [2057, 2895]]), array([[1829, 2658],
       [1835, 2402],
       [2066, 2409],
       [2061, 2665]]), array([[1835, 2402],
       [1841, 2145],
       [2070, 2153],
       [2066, 2409]]), array([[1841, 2145],
       [1847, 1915],
       [2074, 1923],
       [2070, 2153]])]