Big box:
[array([1062, 1933]), array([2068, 1938]), array([2072, 2955]), array([1057, 2956])]

Small boxes:
[array([[1062, 1933],
       [1300, 1934],
       [1300, 2176],
       [1061, 2175]]), array([[1300, 1934],
       [1565, 1936],
       [1565, 2177],
       [1300, 2176]]), array([[1565, 1936],
       [1830, 1937],
       [1830, 2178],
       [1565, 2177]]), array([[1830, 1937],
       [2068, 1938],
       [2069, 2179],
       [1830, 2178]]), array([[1061, 2175],
       [1300, 2176],
       [1299, 2445],
       [1060, 2444]]), array([[1300, 2176],
       [1565, 2177],
       [1565, 2446],
       [1299, 2445]]), array([[1565, 2177],
       [1830, 2178],
       [1831, 2446],
       [1565, 2446]]), array([[1830, 2178],
       [2069, 2179],
       [2070, 2446],
       [1831, 2446]]), array([[1060, 2444],
       [1299, 2445],
       [1298, 2714],
       [1058, 2714]]), array([[1299, 2445],
       [1565, 2446],
       [1565, 2714],
       [1298, 2714]]), array([[1565, 2446],
       [1831, 2446],
       [1831, 2714],
       [1565, 2714]]), array([[1831, 2446],
       [2070, 2446],
       [2071, 2714],
       [1831, 2714]]), array([[1058, 2714],
       [1298, 2714],
       [1297, 2956],
       [1057, 2956]]), array([[1298, 2714],
       [1565, 2714],
       [1564, 2956],
       [1297, 2956]]), array([[1565, 2714],
       [1831, 2714],
       [1832, 2955],
       [1564, 2956]]), array([[1831, 2714],
       [2071, 2714],
       [2072, 2955],
       [1832, 2955]])]