Big box:
[array([ 836, 2848]), array([ 870, 1655]), array([2052, 1683]), array([2029, 2868])]

Small boxes:
[array([[ 836, 2848],
       [ 844, 2565],
       [1126, 2571],
       [1119, 2853]]), array([[ 844, 2565],
       [ 853, 2252],
       [1134, 2257],
       [1126, 2571]]), array([[ 853, 2252],
       [ 862, 1938],
       [1143, 1944],
       [1134, 2257]]), array([[ 862, 1938],
       [ 870, 1655],
       [1150, 1662],
       [1143, 1944]]), array([[1119, 2853],
       [1126, 2571],
       [1439, 2576],
       [1432, 2858]]), array([[1126, 2571],
       [1134, 2257],
       [1447, 2264],
       [1439, 2576]]), array([[1134, 2257],
       [1143, 1944],
       [1454, 1951],
       [1447, 2264]]), array([[1143, 1944],
       [1150, 1662],
       [1461, 1669],
       [1454, 1951]]), array([[1432, 2858],
       [1439, 2576],
       [1753, 2582],
       [1746, 2863]]), array([[1439, 2576],
       [1447, 2264],
       [1759, 2270],
       [1753, 2582]]), array([[1447, 2264],
       [1454, 1951],
       [1766, 1957],
       [1759, 2270]]), array([[1454, 1951],
       [1461, 1669],
       [1772, 1676],
       [1766, 1957]]), array([[1746, 2863],
       [1753, 2582],
       [2034, 2587],
       [2029, 2868]]), array([[1753, 2582],
       [1759, 2270],
       [2040, 2276],
       [2034, 2587]]), array([[1759, 2270],
       [1766, 1957],
       [2047, 1964],
       [2040, 2276]]), array([[1766, 1957],
       [1772, 1676],
       [2052, 1683],
       [2047, 1964]])]