Big box:
[array([1080, 3029]), array([1126, 2035]), array([2088, 2065]), array([2079, 3062])]

Small boxes:
[array([[1080, 3029],
       [1091, 2794],
       [1325, 2801],
       [1317, 3037]]), array([[1091, 2794],
       [1103, 2532],
       [1335, 2539],
       [1325, 2801]]), array([[1103, 2532],
       [1115, 2270],
       [1345, 2278],
       [1335, 2539]]), array([[1115, 2270],
       [1126, 2035],
       [1354, 2042],
       [1345, 2278]]), array([[1317, 3037],
       [1325, 2801],
       [1586, 2810],
       [1580, 3046]]), array([[1325, 2801],
       [1335, 2539],
       [1593, 2548],
       [1586, 2810]]), array([[1335, 2539],
       [1345, 2278],
       [1600, 2286],
       [1593, 2548]]), array([[1345, 2278],
       [1354, 2042],
       [1607, 2050],
       [1600, 2286]]), array([[1580, 3046],
       [1586, 2810],
       [1847, 2818],
       [1842, 3054]]), array([[1586, 2810],
       [1593, 2548],
       [1851, 2556],
       [1847, 2818]]), array([[1593, 2548],
       [1600, 2286],
       [1856, 2294],
       [1851, 2556]]), array([[1600, 2286],
       [1607, 2050],
       [1860, 2058],
       [1856, 2294]]), array([[1842, 3054],
       [1847, 2818],
       [2081, 2826],
       [2079, 3062]]), array([[1847, 2818],
       [1851, 2556],
       [2084, 2564],
       [2081, 2826]]), array([[1851, 2556],
       [1856, 2294],
       [2086, 2301],
       [2084, 2564]]), array([[1856, 2294],
       [1860, 2058],
       [2088, 2065],
       [2086, 2301]])]