Big box:
[array([ 929, 1393]), array([2049, 1344]), array([2092, 2460]), array([ 978, 2504])]

Small boxes:
[array([[ 929, 1393],
       [1194, 1381],
       [1206, 1645],
       [ 941, 1656]]), array([[1194, 1381],
       [1489, 1368],
       [1500, 1632],
       [1206, 1645]]), array([[1489, 1368],
       [1784, 1356],
       [1794, 1620],
       [1500, 1632]]), array([[1784, 1356],
       [2049, 1344],
       [2059, 1608],
       [1794, 1620]]), array([[ 941, 1656],
       [1206, 1645],
       [1218, 1937],
       [ 954, 1948]]), array([[1206, 1645],
       [1500, 1632],
       [1512, 1925],
       [1218, 1937]]), array([[1500, 1632],
       [1794, 1620],
       [1806, 1913],
       [1512, 1925]]), array([[1794, 1620],
       [2059, 1608],
       [2070, 1902],
       [1806, 1913]]), array([[ 954, 1948],
       [1218, 1937],
       [1231, 2230],
       [ 966, 2241]]), array([[1218, 1937],
       [1512, 1925],
       [1524, 2218],
       [1231, 2230]]), array([[1512, 1925],
       [1806, 1913],
       [1818, 2206],
       [1524, 2218]]), array([[1806, 1913],
       [2070, 1902],
       [2082, 2196],
       [1818, 2206]]), array([[ 966, 2241],
       [1231, 2230],
       [1242, 2494],
       [ 978, 2504]]), array([[1231, 2230],
       [1524, 2218],
       [1535, 2482],
       [1242, 2494]]), array([[1524, 2218],
       [1818, 2206],
       [1828, 2470],
       [1535, 2482]]), array([[1818, 2206],
       [2082, 2196],
       [2092, 2460],
       [1828, 2470]])]