Big box:
[array([1102, 1541]), array([2225, 1509]), array([2257, 2637]), array([1128, 2660])]

Small boxes:
[array([[1102, 1541],
       [1368, 1533],
       [1374, 1799],
       [1108, 1806]]), array([[1368, 1533],
       [1664, 1525],
       [1670, 1791],
       [1374, 1799]]), array([[1664, 1525],
       [1959, 1517],
       [1966, 1783],
       [1670, 1791]]), array([[1959, 1517],
       [2225, 1509],
       [2233, 1776],
       [1966, 1783]]), array([[1108, 1806],
       [1374, 1799],
       [1382, 2094],
       [1115, 2100]]), array([[1374, 1799],
       [1670, 1791],
       [1678, 2087],
       [1382, 2094]]), array([[1670, 1791],
       [1966, 1783],
       [1974, 2080],
       [1678, 2087]]), array([[1966, 1783],
       [2233, 1776],
       [2241, 2073],
       [1974, 2080]]), array([[1115, 2100],
       [1382, 2094],
       [1389, 2389],
       [1122, 2395]]), array([[1382, 2094],
       [1678, 2087],
       [1686, 2382],
       [1389, 2389]]), array([[1678, 2087],
       [1974, 2080],
       [1982, 2376],
       [1686, 2382]]), array([[1974, 2080],
       [2241, 2073],
       [2249, 2370],
       [1982, 2376]]), array([[1122, 2395],
       [1389, 2389],
       [1395, 2655],
       [1128, 2660]]), array([[1389, 2389],
       [1686, 2382],
       [1692, 2648],
       [1395, 2655]]), array([[1686, 2382],
       [1982, 2376],
       [1990, 2642],
       [1692, 2648]]), array([[1982, 2376],
       [2249, 2370],
       [2257, 2637],
       [1990, 2642]])]