Big box:
[array([1003, 1879]), array([1989, 1884]), array([1994, 2878]), array([ 996, 2882])]

Small boxes:
[array([[1003, 1879],
       [1237, 1880],
       [1236, 2117],
       [1001, 2117]]), array([[1237, 1880],
       [1496, 1882],
       [1496, 2118],
       [1236, 2117]]), array([[1496, 1882],
       [1755, 1883],
       [1756, 2119],
       [1496, 2118]]), array([[1755, 1883],
       [1989, 1884],
       [1990, 2119],
       [1756, 2119]]), array([[1001, 2117],
       [1236, 2117],
       [1234, 2381],
       [1000, 2380]]), array([[1236, 2117],
       [1496, 2118],
       [1496, 2381],
       [1234, 2381]]), array([[1496, 2118],
       [1756, 2119],
       [1757, 2381],
       [1496, 2381]]), array([[1756, 2119],
       [1990, 2119],
       [1992, 2381],
       [1757, 2381]]), array([[1000, 2380],
       [1234, 2381],
       [1233, 2644],
       [ 998, 2644]]), array([[1234, 2381],
       [1496, 2381],
       [1495, 2644],
       [1233, 2644]]), array([[1496, 2381],
       [1757, 2381],
       [1757, 2643],
       [1495, 2644]]), array([[1757, 2381],
       [1992, 2381],
       [1993, 2643],
       [1757, 2643]]), array([[ 998, 2644],
       [1233, 2644],
       [1232, 2881],
       [ 996, 2882]]), array([[1233, 2644],
       [1495, 2644],
       [1495, 2880],
       [1232, 2881]]), array([[1495, 2644],
       [1757, 2643],
       [1758, 2879],
       [1495, 2880]]), array([[1757, 2643],
       [1993, 2643],
       [1994, 2878],
       [1758, 2879]])]