Big box:
[array([1081, 3014]), array([1114, 2028]), array([2077, 2042]), array([2075, 3043])]

Small boxes:
[array([[1081, 3014],
       [1089, 2780],
       [1322, 2787],
       [1316, 3021]]), array([[1089, 2780],
       [1098, 2521],
       [1329, 2526],
       [1322, 2787]]), array([[1098, 2521],
       [1106, 2262],
       [1336, 2266],
       [1329, 2526]]), array([[1106, 2262],
       [1114, 2028],
       [1342, 2031],
       [1336, 2266]]), array([[1316, 3021],
       [1322, 2787],
       [1582, 2793],
       [1578, 3028]]), array([[1322, 2787],
       [1329, 2526],
       [1587, 2532],
       [1582, 2793]]), array([[1329, 2526],
       [1336, 2266],
       [1591, 2270],
       [1587, 2532]]), array([[1336, 2266],
       [1342, 2031],
       [1596, 2035],
       [1591, 2270]]), array([[1578, 3028],
       [1582, 2793],
       [1842, 2800],
       [1840, 3036]]), array([[1582, 2793],
       [1587, 2532],
       [1844, 2537],
       [1842, 2800]]), array([[1587, 2532],
       [1591, 2270],
       [1847, 2275],
       [1844, 2537]]), array([[1591, 2270],
       [1596, 2035],
       [1849, 2039],
       [1847, 2275]]), array([[1840, 3036],
       [1842, 2800],
       [2075, 2806],
       [2075, 3043]]), array([[1842, 2800],
       [1844, 2537],
       [2076, 2542],
       [2075, 2806]]), array([[1844, 2537],
       [1847, 2275],
       [2077, 2279],
       [2076, 2542]]), array([[1847, 2275],
       [1849, 2039],
       [2077, 2042],
       [2077, 2279]])]