Big box:
[array([ 930, 2915]), array([ 952, 1977]), array([1870, 1999]), array([1848, 2930])]

Small boxes:
[array([[ 930, 2915],
       [ 935, 2693],
       [1153, 2697],
       [1147, 2919]]), array([[ 935, 2693],
       [ 941, 2446],
       [1158, 2450],
       [1153, 2697]]), array([[ 941, 2446],
       [ 947, 2199],
       [1164, 2204],
       [1158, 2450]]), array([[ 947, 2199],
       [ 952, 1977],
       [1169, 1982],
       [1164, 2204]]), array([[1147, 2919],
       [1153, 2697],
       [1394, 2701],
       [1389, 2922]]), array([[1153, 2697],
       [1158, 2450],
       [1400, 2455],
       [1394, 2701]]), array([[1158, 2450],
       [1164, 2204],
       [1406, 2209],
       [1400, 2455]]), array([[1164, 2204],
       [1169, 1982],
       [1411, 1988],
       [1406, 2209]]), array([[1389, 2922],
       [1394, 2701],
       [1636, 2706],
       [1631, 2926]]), array([[1394, 2701],
       [1400, 2455],
       [1642, 2460],
       [1636, 2706]]), array([[1400, 2455],
       [1406, 2209],
       [1647, 2215],
       [1642, 2460]]), array([[1406, 2209],
       [1411, 1988],
       [1653, 1994],
       [1647, 2215]]), array([[1631, 2926],
       [1636, 2706],
       [1853, 2710],
       [1848, 2930]]), array([[1636, 2706],
       [1642, 2460],
       [1859, 2464],
       [1853, 2710]]), array([[1642, 2460],
       [1647, 2215],
       [1865, 2220],
       [1859, 2464]]), array([[1647, 2215],
       [1653, 1994],
       [1870, 1999],
       [1865, 2220]])]