Big box:
[array([1012, 2048]), array([1968, 2048]), array([1980, 3030]), array([1000, 3030])]

Small boxes:
[array([[1012, 2048],
       [1238, 2048],
       [1237, 2281],
       [1009, 2281]]), array([[1238, 2048],
       [1490, 2048],
       [1490, 2281],
       [1237, 2281]]), array([[1490, 2048],
       [1742, 2048],
       [1743, 2281],
       [1490, 2281]]), array([[1742, 2048],
       [1968, 2048],
       [1971, 2281],
       [1743, 2281]]), array([[1009, 2281],
       [1237, 2281],
       [1235, 2539],
       [1006, 2539]]), array([[1237, 2281],
       [1490, 2281],
       [1490, 2539],
       [1235, 2539]]), array([[1490, 2281],
       [1743, 2281],
       [1745, 2539],
       [1490, 2539]]), array([[1743, 2281],
       [1971, 2281],
       [1974, 2539],
       [1745, 2539]]), array([[1006, 2539],
       [1235, 2539],
       [1234, 2797],
       [1003, 2797]]), array([[1235, 2539],
       [1490, 2539],
       [1490, 2797],
       [1234, 2797]]), array([[1490, 2539],
       [1745, 2539],
       [1746, 2797],
       [1490, 2797]]), array([[1745, 2539],
       [1974, 2539],
       [1977, 2797],
       [1746, 2797]]), array([[1003, 2797],
       [1234, 2797],
       [1232, 3030],
       [1000, 3030]]), array([[1234, 2797],
       [1490, 2797],
       [1490, 3030],
       [1232, 3030]]), array([[1490, 2797],
       [1746, 2797],
       [1748, 3030],
       [1490, 3030]]), array([[1746, 2797],
       [1977, 2797],
       [1980, 3030],
       [1748, 3030]])]