Big box:
[array([ 986, 1997]), array([1943, 2003]), array([1943, 2966]), array([ 980, 2972])]

Small boxes:
[array([[ 986, 1997],
       [1213, 1998],
       [1212, 2229],
       [ 985, 2228]]), array([[1213, 1998],
       [1464, 2000],
       [1464, 2230],
       [1212, 2229]]), array([[1464, 2000],
       [1716, 2002],
       [1716, 2230],
       [1464, 2230]]), array([[1716, 2002],
       [1943, 2003],
       [1943, 2231],
       [1716, 2230]]), array([[ 985, 2228],
       [1212, 2229],
       [1210, 2484],
       [ 983, 2484]]), array([[1212, 2229],
       [1464, 2230],
       [1463, 2484],
       [1210, 2484]]), array([[1464, 2230],
       [1716, 2230],
       [1716, 2484],
       [1463, 2484]]), array([[1716, 2230],
       [1943, 2231],
       [1943, 2484],
       [1716, 2484]]), array([[ 983, 2484],
       [1210, 2484],
       [1209, 2740],
       [ 981, 2741]]), array([[1210, 2484],
       [1463, 2484],
       [1462, 2740],
       [1209, 2740]]), array([[1463, 2484],
       [1716, 2484],
       [1715, 2739],
       [1462, 2740]]), array([[1716, 2484],
       [1943, 2484],
       [1943, 2738],
       [1715, 2739]]), array([[ 981, 2741],
       [1209, 2740],
       [1208, 2971],
       [ 980, 2972]]), array([[1209, 2740],
       [1462, 2740],
       [1462, 2969],
       [1208, 2971]]), array([[1462, 2740],
       [1715, 2739],
       [1715, 2967],
       [1462, 2969]]), array([[1715, 2739],
       [1943, 2738],
       [1943, 2966],
       [1715, 2967]])]