Big box:
[array([1038, 2688]), array([1066, 1457]), array([2305, 1481]), array([2281, 2718])]

Small boxes:
[array([[1038, 2688],
       [1045, 2396],
       [1339, 2403],
       [1332, 2695]]), array([[1045, 2396],
       [1052, 2072],
       [1346, 2079],
       [1339, 2403]]), array([[1052, 2072],
       [1059, 1749],
       [1353, 1755],
       [1346, 2079]]), array([[1059, 1749],
       [1066, 1457],
       [1359, 1463],
       [1353, 1755]]), array([[1332, 2695],
       [1339, 2403],
       [1666, 2411],
       [1660, 2703]]), array([[1339, 2403],
       [1346, 2079],
       [1672, 2086],
       [1666, 2411]]), array([[1346, 2079],
       [1353, 1755],
       [1679, 1761],
       [1672, 2086]]), array([[1353, 1755],
       [1359, 1463],
       [1686, 1469],
       [1679, 1761]]), array([[1660, 2703],
       [1666, 2411],
       [1993, 2418],
       [1987, 2711]]), array([[1666, 2411],
       [1672, 2086],
       [1999, 2093],
       [1993, 2418]]), array([[1672, 2086],
       [1679, 1761],
       [2006, 1768],
       [1999, 2093]]), array([[1679, 1761],
       [1686, 1469],
       [2012, 1475],
       [2006, 1768]]), array([[1987, 2711],
       [1993, 2418],
       [2287, 2425],
       [2281, 2718]]), array([[1993, 2418],
       [1999, 2093],
       [2293, 2100],
       [2287, 2425]]), array([[1999, 2093],
       [2006, 1768],
       [2299, 1774],
       [2293, 2100]]), array([[2006, 1768],
       [2012, 1475],
       [2305, 1481],
       [2299, 1774]])]