Big box:
[array([1040, 2962]), array([1070, 2009]), array([1993, 2033]), array([1986, 2978])]

Small boxes:
[array([[1040, 2962],
       [1047, 2736],
       [1270, 2741],
       [1264, 2966]]), array([[1047, 2736],
       [1055, 2486],
       [1276, 2490],
       [1270, 2741]]), array([[1055, 2486],
       [1063, 2235],
       [1283, 2240],
       [1276, 2490]]), array([[1063, 2235],
       [1070, 2009],
       [1289, 2015],
       [1283, 2240]]), array([[1264, 2966],
       [1270, 2741],
       [1517, 2745],
       [1513, 2970]]), array([[1270, 2741],
       [1276, 2490],
       [1522, 2496],
       [1517, 2745]]), array([[1276, 2490],
       [1283, 2240],
       [1527, 2246],
       [1522, 2496]]), array([[1283, 2240],
       [1289, 2015],
       [1532, 2021],
       [1527, 2246]]), array([[1513, 2970],
       [1517, 2745],
       [1765, 2750],
       [1762, 2974]]), array([[1517, 2745],
       [1522, 2496],
       [1768, 2501],
       [1765, 2750]]), array([[1522, 2496],
       [1527, 2246],
       [1771, 2252],
       [1768, 2501]]), array([[1527, 2246],
       [1532, 2021],
       [1774, 2027],
       [1771, 2252]]), array([[1762, 2974],
       [1765, 2750],
       [1988, 2754],
       [1986, 2978]]), array([[1765, 2750],
       [1768, 2501],
       [1990, 2506],
       [1988, 2754]]), array([[1768, 2501],
       [1771, 2252],
       [1991, 2257],
       [1990, 2506]]), array([[1771, 2252],
       [1774, 2027],
       [1993, 2033],
       [1991, 2257]])]