Big box:
[array([1071, 3010]), array([1106, 2041]), array([2054, 2073]), array([2037, 3045])]

Small boxes:
[array([[1071, 3010],
       [1079, 2780],
       [1307, 2789],
       [1300, 3018]]), array([[1079, 2780],
       [1088, 2526],
       [1315, 2533],
       [1307, 2789]]), array([[1088, 2526],
       [1098, 2270],
       [1323, 2278],
       [1315, 2533]]), array([[1098, 2270],
       [1106, 2041],
       [1331, 2049],
       [1323, 2278]]), array([[1300, 3018],
       [1307, 2789],
       [1560, 2798],
       [1554, 3028]]), array([[1307, 2789],
       [1315, 2533],
       [1567, 2542],
       [1560, 2798]]), array([[1315, 2533],
       [1323, 2278],
       [1574, 2287],
       [1567, 2542]]), array([[1323, 2278],
       [1331, 2049],
       [1580, 2057],
       [1574, 2287]]), array([[1554, 3028],
       [1560, 2798],
       [1813, 2807],
       [1808, 3037]]), array([[1560, 2798],
       [1567, 2542],
       [1819, 2551],
       [1813, 2807]]), array([[1567, 2542],
       [1574, 2287],
       [1824, 2295],
       [1819, 2551]]), array([[1574, 2287],
       [1580, 2057],
       [1829, 2065],
       [1824, 2295]]), array([[1808, 3037],
       [1813, 2807],
       [2041, 2815],
       [2037, 3045]]), array([[1813, 2807],
       [1819, 2551],
       [2046, 2559],
       [2041, 2815]]), array([[1819, 2551],
       [1824, 2295],
       [2050, 2303],
       [2046, 2559]]), array([[1824, 2295],
       [1829, 2065],
       [2054, 2073],
       [2050, 2303]])]