Big box:
[array([1040, 2890]), array([1083, 1921]), array([2044, 1946]), array([2025, 2932])]

Small boxes:
[array([[1040, 2890],
       [1050, 2660],
       [1282, 2669],
       [1273, 2900]]), array([[1050, 2660],
       [1062, 2406],
       [1292, 2413],
       [1282, 2669]]), array([[1062, 2406],
       [1073, 2150],
       [1302, 2157],
       [1292, 2413]]), array([[1073, 2150],
       [1083, 1921],
       [1311, 1927],
       [1302, 2157]]), array([[1273, 2900],
       [1282, 2669],
       [1540, 2679],
       [1532, 2911]]), array([[1282, 2669],
       [1292, 2413],
       [1548, 2422],
       [1540, 2679]]), array([[1292, 2413],
       [1302, 2157],
       [1556, 2165],
       [1548, 2422]]), array([[1302, 2157],
       [1311, 1927],
       [1564, 1934],
       [1556, 2165]]), array([[1532, 2911],
       [1540, 2679],
       [1798, 2689],
       [1792, 2922]]), array([[1540, 2679],
       [1548, 2422],
       [1804, 2431],
       [1798, 2689]]), array([[1548, 2422],
       [1556, 2165],
       [1811, 2173],
       [1804, 2431]]), array([[1556, 2165],
       [1564, 1934],
       [1816, 1940],
       [1811, 2173]]), array([[1792, 2922],
       [1798, 2689],
       [2030, 2698],
       [2025, 2932]]), array([[1798, 2689],
       [1804, 2431],
       [2034, 2439],
       [2030, 2698]]), array([[1804, 2431],
       [1811, 2173],
       [2040, 2180],
       [2034, 2439]]), array([[1811, 2173],
       [1816, 1940],
       [2044, 1946],
       [2040, 2180]])]