Big box:
[array([1000, 3142]), array([1054, 2092]), array([2065, 2127]), array([2056, 3171])]

Small boxes:
[array([[1000, 3142],
       [1013, 2893],
       [1260, 2901],
       [1250, 3149]]), array([[1013, 2893],
       [1027, 2617],
       [1272, 2625],
       [1260, 2901]]), array([[1027, 2617],
       [1041, 2341],
       [1283, 2349],
       [1272, 2625]]), array([[1041, 2341],
       [1054, 2092],
       [1293, 2100],
       [1283, 2349]]), array([[1250, 3149],
       [1260, 2901],
       [1535, 2909],
       [1528, 3156]]), array([[1260, 2901],
       [1272, 2625],
       [1544, 2633],
       [1535, 2909]]), array([[1272, 2625],
       [1283, 2349],
       [1552, 2357],
       [1544, 2633]]), array([[1283, 2349],
       [1293, 2100],
       [1560, 2110],
       [1552, 2357]]), array([[1528, 3156],
       [1535, 2909],
       [1811, 2917],
       [1806, 3164]]), array([[1535, 2909],
       [1544, 2633],
       [1816, 2641],
       [1811, 2917]]), array([[1544, 2633],
       [1552, 2357],
       [1821, 2366],
       [1816, 2641]]), array([[1552, 2357],
       [1560, 2110],
       [1826, 2119],
       [1821, 2366]]), array([[1806, 3164],
       [1811, 2917],
       [2058, 2924],
       [2056, 3171]]), array([[1811, 2917],
       [1816, 2641],
       [2060, 2649],
       [2058, 2924]]), array([[1816, 2641],
       [1821, 2366],
       [2063, 2374],
       [2060, 2649]]), array([[1821, 2366],
       [1826, 2119],
       [2065, 2127],
       [2063, 2374]])]