Big box:
[array([1001, 2819]), array([1035, 1871]), array([1971, 1888]), array([1963, 2842])]

Small boxes:
[array([[1001, 2819],
       [1009, 2594],
       [1235, 2600],
       [1229, 2824]]), array([[1009, 2594],
       [1018, 2345],
       [1243, 2350],
       [1235, 2600]]), array([[1018, 2345],
       [1027, 2096],
       [1250, 2100],
       [1243, 2350]]), array([[1027, 2096],
       [1035, 1871],
       [1257, 1875],
       [1250, 2100]]), array([[1229, 2824],
       [1235, 2600],
       [1487, 2605],
       [1482, 2830]]), array([[1235, 2600],
       [1243, 2350],
       [1492, 2355],
       [1487, 2605]]), array([[1243, 2350],
       [1250, 2100],
       [1498, 2105],
       [1492, 2355]]), array([[1250, 2100],
       [1257, 1875],
       [1503, 1880],
       [1498, 2105]]), array([[1482, 2830],
       [1487, 2605],
       [1739, 2611],
       [1735, 2837]]), array([[1487, 2605],
       [1492, 2355],
       [1742, 2360],
       [1739, 2611]]), array([[1492, 2355],
       [1498, 2105],
       [1746, 2110],
       [1742, 2360]]), array([[1498, 2105],
       [1503, 1880],
       [1749, 1884],
       [1746, 2110]]), array([[1735, 2837],
       [1739, 2611],
       [1965, 2616],
       [1963, 2842]]), array([[1739, 2611],
       [1742, 2360],
       [1967, 2365],
       [1965, 2616]]), array([[1742, 2360],
       [1746, 2110],
       [1969, 2114],
       [1967, 2365]]), array([[1746, 2110],
       [1749, 1884],
       [1971, 1888],
       [1969, 2114]])]