Big box:
[array([1033, 2480]), array([1047, 1357]), array([2174, 1372]), array([2148, 2501])]

Small boxes:
[array([[1033, 2480],
       [1036, 2214],
       [1301, 2219],
       [1297, 2485]]), array([[1036, 2214],
       [1040, 1918],
       [1306, 1923],
       [1301, 2219]]), array([[1040, 1918],
       [1044, 1623],
       [1310, 1627],
       [1306, 1923]]), array([[1044, 1623],
       [1047, 1357],
       [1314, 1361],
       [1310, 1627]]), array([[1297, 2485],
       [1301, 2219],
       [1595, 2224],
       [1590, 2490]]), array([[1301, 2219],
       [1306, 1923],
       [1600, 1928],
       [1595, 2224]]), array([[1306, 1923],
       [1310, 1627],
       [1606, 1631],
       [1600, 1928]]), array([[1310, 1627],
       [1314, 1361],
       [1610, 1364],
       [1606, 1631]]), array([[1590, 2490],
       [1595, 2224],
       [1889, 2229],
       [1884, 2496]]), array([[1595, 2224],
       [1600, 1928],
       [1896, 1932],
       [1889, 2229]]), array([[1600, 1928],
       [1606, 1631],
       [1902, 1636],
       [1896, 1932]]), array([[1606, 1631],
       [1610, 1364],
       [1907, 1368],
       [1902, 1636]]), array([[1884, 2496],
       [1889, 2229],
       [2154, 2234],
       [2148, 2501]]), array([[1889, 2229],
       [1896, 1932],
       [2161, 1936],
       [2154, 2234]]), array([[1896, 1932],
       [1902, 1636],
       [2168, 1639],
       [2161, 1936]]), array([[1902, 1636],
       [1907, 1368],
       [2174, 1372],
       [2168, 1639]])]