Big box:
[array([ 810, 2676]), array([ 827, 1528]), array([1975, 1551]), array([1955, 2687])]

Small boxes:
[array([[ 810, 2676],
       [ 814, 2404],
       [1085, 2407],
       [1081, 2679]]), array([[ 814, 2404],
       [ 818, 2102],
       [1090, 2106],
       [1085, 2407]]), array([[ 818, 2102],
       [ 823, 1800],
       [1095, 1805],
       [1090, 2106]]), array([[ 823, 1800],
       [ 827, 1528],
       [1099, 1533],
       [1095, 1805]]), array([[1081, 2679],
       [1085, 2407],
       [1387, 2411],
       [1382, 2682]]), array([[1085, 2407],
       [1090, 2106],
       [1392, 2110],
       [1387, 2411]]), array([[1090, 2106],
       [1095, 1805],
       [1397, 1810],
       [1392, 2110]]), array([[1095, 1805],
       [1099, 1533],
       [1401, 1540],
       [1397, 1810]]), array([[1382, 2682],
       [1387, 2411],
       [1688, 2415],
       [1684, 2684]]), array([[1387, 2411],
       [1392, 2110],
       [1693, 2115],
       [1688, 2415]]), array([[1392, 2110],
       [1397, 1810],
       [1699, 1815],
       [1693, 2115]]), array([[1397, 1810],
       [1401, 1540],
       [1703, 1546],
       [1699, 1815]]), array([[1684, 2684],
       [1688, 2415],
       [1960, 2418],
       [1955, 2687]]), array([[1688, 2415],
       [1693, 2115],
       [1965, 2119],
       [1960, 2418]]), array([[1693, 2115],
       [1699, 1815],
       [1970, 1820],
       [1965, 2119]]), array([[1699, 1815],
       [1703, 1546],
       [1975, 1551],
       [1970, 1820]])]