Big box:
[array([1023, 2912]), array([1084, 1923]), array([2051, 1969]), array([2017, 2961])]

Small boxes:
[array([[1023, 2912],
       [1037, 2678],
       [1271, 2689],
       [1258, 2924]]), array([[1037, 2678],
       [1054, 2418],
       [1286, 2429],
       [1271, 2689]]), array([[1054, 2418],
       [1070, 2157],
       [1300, 2168],
       [1286, 2429]]), array([[1070, 2157],
       [1084, 1923],
       [1313, 1934],
       [1300, 2168]]), array([[1258, 2924],
       [1271, 2689],
       [1531, 2702],
       [1520, 2936]]), array([[1271, 2689],
       [1286, 2429],
       [1544, 2441],
       [1531, 2702]]), array([[1286, 2429],
       [1300, 2168],
       [1556, 2181],
       [1544, 2441]]), array([[1300, 2168],
       [1313, 1934],
       [1568, 1946],
       [1556, 2181]]), array([[1520, 2936],
       [1531, 2702],
       [1791, 2715],
       [1782, 2949]]), array([[1531, 2702],
       [1544, 2441],
       [1802, 2454],
       [1791, 2715]]), array([[1544, 2441],
       [1556, 2181],
       [1812, 2193],
       [1802, 2454]]), array([[1556, 2181],
       [1568, 1946],
       [1822, 1958],
       [1812, 2193]]), array([[1782, 2949],
       [1791, 2715],
       [2025, 2726],
       [2017, 2961]]), array([[1791, 2715],
       [1802, 2454],
       [2034, 2465],
       [2025, 2726]]), array([[1802, 2454],
       [1812, 2193],
       [2043, 2204],
       [2034, 2465]]), array([[1812, 2193],
       [1822, 1958],
       [2051, 1969],
       [2043, 2204]])]