Big box:
[array([1274, 2237]), array([2262, 2276]), array([2271, 3309]), array([1232, 3270])]

Small boxes:
[array([[1274, 2237],
       [1508, 2246],
       [1501, 2491],
       [1264, 2482]]), array([[1508, 2246],
       [1768, 2256],
       [1764, 2501],
       [1501, 2491]]), array([[1768, 2256],
       [2028, 2267],
       [2027, 2511],
       [1764, 2501]]), array([[2028, 2267],
       [2262, 2276],
       [2264, 2521],
       [2027, 2511]]), array([[1264, 2482],
       [1501, 2491],
       [1493, 2763],
       [1253, 2754]]), array([[1501, 2491],
       [1764, 2501],
       [1760, 2773],
       [1493, 2763]]), array([[1764, 2501],
       [2027, 2511],
       [2026, 2783],
       [1760, 2773]]), array([[2027, 2511],
       [2264, 2521],
       [2266, 2792],
       [2026, 2783]]), array([[1253, 2754],
       [1493, 2763],
       [1485, 3035],
       [1242, 3025]]), array([[1493, 2763],
       [1760, 2773],
       [1755, 3045],
       [1485, 3035]]), array([[1760, 2773],
       [2026, 2783],
       [2026, 3055],
       [1755, 3045]]), array([[2026, 2783],
       [2266, 2792],
       [2269, 3064],
       [2026, 3055]]), array([[1242, 3025],
       [1485, 3035],
       [1478, 3279],
       [1232, 3270]]), array([[1485, 3035],
       [1755, 3045],
       [1752, 3290],
       [1478, 3279]]), array([[1755, 3045],
       [2026, 3055],
       [2025, 3300],
       [1752, 3290]]), array([[2026, 3055],
       [2269, 3064],
       [2271, 3309],
       [2025, 3300]])]