Big box:
[array([1058, 1822]), array([1985, 1843]), array([1973, 2774]), array([1034, 2759])]

Small boxes:
[array([[1058, 1822],
       [1278, 1827],
       [1273, 2049],
       [1052, 2044]]), array([[1278, 1827],
       [1522, 1832],
       [1517, 2054],
       [1273, 2049]]), array([[1522, 1832],
       [1765, 1838],
       [1762, 2059],
       [1517, 2054]]), array([[1765, 1838],
       [1985, 1843],
       [1982, 2064],
       [1762, 2059]]), array([[1052, 2044],
       [1273, 2049],
       [1267, 2295],
       [1046, 2290]]), array([[1273, 2049],
       [1517, 2054],
       [1512, 2300],
       [1267, 2295]]), array([[1517, 2054],
       [1762, 2059],
       [1758, 2304],
       [1512, 2300]]), array([[1762, 2059],
       [1982, 2064],
       [1979, 2308],
       [1758, 2304]]), array([[1046, 2290],
       [1267, 2295],
       [1261, 2541],
       [1040, 2537]]), array([[1267, 2295],
       [1512, 2300],
       [1508, 2545],
       [1261, 2541]]), array([[1512, 2300],
       [1758, 2304],
       [1754, 2550],
       [1508, 2545]]), array([[1758, 2304],
       [1979, 2308],
       [1976, 2554],
       [1754, 2550]]), array([[1040, 2537],
       [1261, 2541],
       [1256, 2763],
       [1034, 2759]]), array([[1261, 2541],
       [1508, 2545],
       [1504, 2766],
       [1256, 2763]]), array([[1508, 2545],
       [1754, 2550],
       [1751, 2770],
       [1504, 2766]]), array([[1754, 2550],
       [1976, 2554],
       [1973, 2774],
       [1751, 2770]])]