Big box:
[array([ 926, 2450]), array([ 953, 1211]), array([2190, 1234]), array([2164, 2473])]

Small boxes:
[array([[ 926, 2450],
       [ 932, 2157],
       [1226, 2162],
       [1219, 2455]]), array([[ 932, 2157],
       [ 940, 1830],
       [1233, 1836],
       [1226, 2162]]), array([[ 940, 1830],
       [ 947, 1504],
       [1240, 1510],
       [1233, 1836]]), array([[ 947, 1504],
       [ 953, 1211],
       [1246, 1216],
       [1240, 1510]]), array([[1219, 2455],
       [1226, 2162],
       [1551, 2168],
       [1545, 2462]]), array([[1226, 2162],
       [1233, 1836],
       [1558, 1842],
       [1551, 2168]]), array([[1233, 1836],
       [1240, 1510],
       [1565, 1516],
       [1558, 1842]]), array([[1240, 1510],
       [1246, 1216],
       [1572, 1222],
       [1565, 1516]]), array([[1545, 2462],
       [1551, 2168],
       [1877, 2174],
       [1871, 2468]]), array([[1551, 2168],
       [1558, 1842],
       [1884, 1848],
       [1877, 2174]]), array([[1558, 1842],
       [1565, 1516],
       [1891, 1522],
       [1884, 1848]]), array([[1565, 1516],
       [1572, 1222],
       [1897, 1229],
       [1891, 1522]]), array([[1871, 2468],
       [1877, 2174],
       [2170, 2180],
       [2164, 2473]]), array([[1877, 2174],
       [1884, 1848],
       [2177, 1854],
       [2170, 2180]]), array([[1884, 1848],
       [1891, 1522],
       [2184, 1527],
       [2177, 1854]]), array([[1891, 1522],
       [1897, 1229],
       [2190, 1234],
       [2184, 1527]])]