Big box:
[array([ 891, 1504]), array([2104, 1537]), array([2074, 2745]), array([ 861, 2715])]

Small boxes:
[array([[ 891, 1504],
       [1178, 1512],
       [1171, 1798],
       [ 884, 1791]]), array([[1178, 1512],
       [1498, 1520],
       [1490, 1807],
       [1171, 1798]]), array([[1498, 1520],
       [1817, 1529],
       [1810, 1815],
       [1490, 1807]]), array([[1817, 1529],
       [2104, 1537],
       [2097, 1823],
       [1810, 1815]]), array([[ 884, 1791],
       [1171, 1798],
       [1163, 2117],
       [ 876, 2110]]), array([[1171, 1798],
       [1490, 1807],
       [1482, 2125],
       [1163, 2117]]), array([[1490, 1807],
       [1810, 1815],
       [1802, 2134],
       [1482, 2125]]), array([[1810, 1815],
       [2097, 1823],
       [2089, 2141],
       [1802, 2134]]), array([[ 876, 2110],
       [1163, 2117],
       [1155, 2435],
       [ 868, 2428]]), array([[1163, 2117],
       [1482, 2125],
       [1475, 2444],
       [1155, 2435]]), array([[1482, 2125],
       [1802, 2134],
       [1794, 2452],
       [1475, 2444]]), array([[1802, 2134],
       [2089, 2141],
       [2081, 2459],
       [1794, 2452]]), array([[ 868, 2428],
       [1155, 2435],
       [1148, 2722],
       [ 861, 2715]]), array([[1155, 2435],
       [1475, 2444],
       [1468, 2730],
       [1148, 2722]]), array([[1475, 2444],
       [1794, 2452],
       [1787, 2738],
       [1468, 2730]]), array([[1794, 2452],
       [2081, 2459],
       [2074, 2745],
       [1787, 2738]])]