Big box:
[array([1115, 1360]), array([2245, 1302]), array([2287, 2436]), array([1167, 2476])]

Small boxes:
[array([[1115, 1360],
       [1383, 1346],
       [1394, 1612],
       [1127, 1624]]), array([[1383, 1346],
       [1680, 1331],
       [1691, 1597],
       [1394, 1612]]), array([[1680, 1331],
       [1977, 1316],
       [1988, 1583],
       [1691, 1597]]), array([[1977, 1316],
       [2245, 1302],
       [2255, 1571],
       [1988, 1583]]), array([[1127, 1624],
       [1394, 1612],
       [1407, 1906],
       [1141, 1918]]), array([[1394, 1612],
       [1691, 1597],
       [1704, 1894],
       [1407, 1906]]), array([[1691, 1597],
       [1988, 1583],
       [2000, 1881],
       [1704, 1894]]), array([[1988, 1583],
       [2255, 1571],
       [2266, 1869],
       [2000, 1881]]), array([[1141, 1918],
       [1407, 1906],
       [1421, 2201],
       [1155, 2212]]), array([[1407, 1906],
       [1704, 1894],
       [1716, 2190],
       [1421, 2201]]), array([[1704, 1894],
       [2000, 1881],
       [2011, 2178],
       [1716, 2190]]), array([[2000, 1881],
       [2266, 1869],
       [2277, 2167],
       [2011, 2178]]), array([[1155, 2212],
       [1421, 2201],
       [1432, 2467],
       [1167, 2476]]), array([[1421, 2201],
       [1716, 2190],
       [1727, 2456],
       [1432, 2467]]), array([[1716, 2190],
       [2011, 2178],
       [2022, 2445],
       [1727, 2456]]), array([[2011, 2178],
       [2277, 2167],
       [2287, 2436],
       [2022, 2445]])]