Big box:
[array([1009, 2826]), array([1045, 1859]), array([1999, 1892]), array([1972, 2853])]

Small boxes:
[array([[1009, 2826],
       [1018, 2597],
       [1245, 2604],
       [1237, 2832]]), array([[1018, 2597],
       [1027, 2342],
       [1254, 2350],
       [1245, 2604]]), array([[1027, 2342],
       [1036, 2088],
       [1263, 2096],
       [1254, 2350]]), array([[1036, 2088],
       [1045, 1859],
       [1271, 1867],
       [1263, 2096]]), array([[1237, 2832],
       [1245, 2604],
       [1498, 2611],
       [1490, 2840]]), array([[1245, 2604],
       [1254, 2350],
       [1506, 2358],
       [1498, 2611]]), array([[1254, 2350],
       [1263, 2096],
       [1515, 2104],
       [1506, 2358]]), array([[1263, 2096],
       [1271, 1867],
       [1522, 1876],
       [1515, 2104]]), array([[1490, 2840],
       [1498, 2611],
       [1751, 2619],
       [1744, 2847]]), array([[1498, 2611],
       [1506, 2358],
       [1758, 2365],
       [1751, 2619]]), array([[1506, 2358],
       [1515, 2104],
       [1766, 2112],
       [1758, 2365]]), array([[1515, 2104],
       [1522, 1876],
       [1773, 1884],
       [1766, 2112]]), array([[1744, 2847],
       [1751, 2619],
       [1978, 2625],
       [1972, 2853]]), array([[1751, 2619],
       [1758, 2365],
       [1986, 2372],
       [1978, 2625]]), array([[1758, 2365],
       [1766, 2112],
       [1993, 2120],
       [1986, 2372]]), array([[1766, 2112],
       [1773, 1884],
       [1999, 1892],
       [1993, 2120]])]