Big box:
[array([1132, 2693]), array([1166, 1749]), array([2103, 1776]), array([2082, 2723])]

Small boxes:
[array([[1132, 2693],
       [1140, 2469],
       [1364, 2476],
       [1357, 2700]]), array([[1140, 2469],
       [1149, 2221],
       [1372, 2228],
       [1364, 2476]]), array([[1149, 2221],
       [1158, 1973],
       [1381, 1979],
       [1372, 2228]]), array([[1158, 1973],
       [1166, 1749],
       [1388, 1755],
       [1381, 1979]]), array([[1357, 2700],
       [1364, 2476],
       [1614, 2484],
       [1607, 2708]]), array([[1364, 2476],
       [1372, 2228],
       [1621, 2235],
       [1614, 2484]]), array([[1372, 2228],
       [1381, 1979],
       [1628, 1986],
       [1621, 2235]]), array([[1381, 1979],
       [1388, 1755],
       [1634, 1762],
       [1628, 1986]]), array([[1607, 2708],
       [1614, 2484],
       [1863, 2492],
       [1857, 2716]]), array([[1614, 2484],
       [1621, 2235],
       [1869, 2243],
       [1863, 2492]]), array([[1621, 2235],
       [1628, 1986],
       [1875, 1994],
       [1869, 2243]]), array([[1628, 1986],
       [1634, 1762],
       [1881, 1770],
       [1875, 1994]]), array([[1857, 2716],
       [1863, 2492],
       [2087, 2499],
       [2082, 2723]]), array([[1863, 2492],
       [1869, 2243],
       [2092, 2250],
       [2087, 2499]]), array([[1869, 2243],
       [1875, 1994],
       [2098, 2000],
       [2092, 2250]]), array([[1875, 1994],
       [1881, 1770],
       [2103, 1776],
       [2098, 2000]])]