Big box:
[array([1079, 1948]), array([2026, 1951]), array([2041, 2921]), array([1064, 2924])]

Small boxes:
[array([[1079, 1948],
       [1303, 1949],
       [1301, 2180],
       [1075, 2179]]), array([[1303, 1949],
       [1552, 1950],
       [1552, 2180],
       [1301, 2180]]), array([[1552, 1950],
       [1802, 1950],
       [1804, 2180],
       [1552, 2180]]), array([[1802, 1950],
       [2026, 1951],
       [2030, 2181],
       [1804, 2180]]), array([[1075, 2179],
       [1301, 2180],
       [1299, 2436],
       [1072, 2436]]), array([[1301, 2180],
       [1552, 2180],
       [1552, 2436],
       [1299, 2436]]), array([[1552, 2180],
       [1804, 2180],
       [1806, 2436],
       [1552, 2436]]), array([[1804, 2180],
       [2030, 2181],
       [2034, 2436],
       [1806, 2436]]), array([[1072, 2436],
       [1299, 2436],
       [1297, 2692],
       [1068, 2693]]), array([[1299, 2436],
       [1552, 2436],
       [1552, 2692],
       [1297, 2692]]), array([[1552, 2436],
       [1806, 2436],
       [1808, 2692],
       [1552, 2692]]), array([[1806, 2436],
       [2034, 2436],
       [2037, 2691],
       [1808, 2692]]), array([[1068, 2693],
       [1297, 2692],
       [1295, 2923],
       [1064, 2924]]), array([[1297, 2692],
       [1552, 2692],
       [1552, 2922],
       [1295, 2923]]), array([[1552, 2692],
       [1808, 2692],
       [1810, 2922],
       [1552, 2922]]), array([[1808, 2692],
       [2037, 2691],
       [2041, 2921],
       [1810, 2922]])]