Big box:
[array([ 915, 2913]), array([ 980, 1921]), array([1944, 1967]), array([1913, 2959])]

Small boxes:
[array([[ 915, 2913],
       [ 930, 2678],
       [1165, 2689],
       [1151, 2924]]), array([[ 930, 2678],
       [ 948, 2417],
       [1180, 2428],
       [1165, 2689]]), array([[ 948, 2417],
       [ 965, 2156],
       [1195, 2167],
       [1180, 2428]]), array([[ 965, 2156],
       [ 980, 1921],
       [1208, 1932],
       [1195, 2167]]), array([[1151, 2924],
       [1165, 2689],
       [1425, 2701],
       [1414, 2936]]), array([[1165, 2689],
       [1180, 2428],
       [1438, 2440],
       [1425, 2701]]), array([[1180, 2428],
       [1195, 2167],
       [1451, 2179],
       [1438, 2440]]), array([[1195, 2167],
       [1208, 1932],
       [1462, 1944],
       [1451, 2179]]), array([[1414, 2936],
       [1425, 2701],
       [1686, 2713],
       [1677, 2948]]), array([[1425, 2701],
       [1438, 2440],
       [1696, 2452],
       [1686, 2713]]), array([[1438, 2440],
       [1451, 2179],
       [1706, 2191],
       [1696, 2452]]), array([[1451, 2179],
       [1462, 1944],
       [1716, 1956],
       [1706, 2191]]), array([[1677, 2948],
       [1686, 2713],
       [1920, 2724],
       [1913, 2959]]), array([[1686, 2713],
       [1696, 2452],
       [1928, 2463],
       [1920, 2724]]), array([[1696, 2452],
       [1706, 2191],
       [1937, 2202],
       [1928, 2463]]), array([[1706, 2191],
       [1716, 1956],
       [1944, 1967],
       [1937, 2202]])]