Big box:
[array([1030, 2916]), array([1057, 1968]), array([1985, 1989]), array([1975, 2932])]

Small boxes:
[array([[1030, 2916],
       [1036, 2691],
       [1259, 2696],
       [1254, 2920]]), array([[1036, 2691],
       [1044, 2442],
       [1265, 2446],
       [1259, 2696]]), array([[1044, 2442],
       [1051, 2193],
       [1271, 2197],
       [1265, 2446]]), array([[1051, 2193],
       [1057, 1968],
       [1277, 1973],
       [1271, 2197]]), array([[1254, 2920],
       [1259, 2696],
       [1507, 2700],
       [1502, 2924]]), array([[1259, 2696],
       [1265, 2446],
       [1512, 2451],
       [1507, 2700]]), array([[1265, 2446],
       [1271, 2197],
       [1517, 2202],
       [1512, 2451]]), array([[1271, 2197],
       [1277, 1973],
       [1521, 1978],
       [1517, 2202]]), array([[1502, 2924],
       [1507, 2700],
       [1755, 2705],
       [1751, 2928]]), array([[1507, 2700],
       [1512, 2451],
       [1758, 2456],
       [1755, 2705]]), array([[1512, 2451],
       [1517, 2202],
       [1762, 2208],
       [1758, 2456]]), array([[1517, 2202],
       [1521, 1978],
       [1765, 1984],
       [1762, 2208]]), array([[1751, 2928],
       [1755, 2705],
       [1977, 2709],
       [1975, 2932]]), array([[1755, 2705],
       [1758, 2456],
       [1980, 2460],
       [1977, 2709]]), array([[1758, 2456],
       [1762, 2208],
       [1983, 2212],
       [1980, 2460]]), array([[1762, 2208],
       [1765, 1984],
       [1985, 1989],
       [1983, 2212]])]