Big box:
[array([1223, 1349]), array([2365, 1307]), array([2380, 2439]), array([1253, 2460])]

Small boxes:
[array([[1223, 1349],
       [1493, 1339],
       [1500, 1603],
       [1230, 1612]]), array([[1493, 1339],
       [1794, 1328],
       [1799, 1594],
       [1500, 1603]]), array([[1794, 1328],
       [2095, 1317],
       [2099, 1584],
       [1799, 1594]]), array([[2095, 1317],
       [2365, 1307],
       [2369, 1575],
       [2099, 1584]]), array([[1230, 1612],
       [1500, 1603],
       [1507, 1897],
       [1238, 1904]]), array([[1500, 1603],
       [1799, 1594],
       [1805, 1889],
       [1507, 1897]]), array([[1799, 1594],
       [2099, 1584],
       [2104, 1880],
       [1805, 1889]]), array([[2099, 1584],
       [2369, 1575],
       [2372, 1873],
       [2104, 1880]]), array([[1238, 1904],
       [1507, 1897],
       [1514, 2191],
       [1246, 2197]]), array([[1507, 1897],
       [1805, 1889],
       [1811, 2184],
       [1514, 2191]]), array([[1805, 1889],
       [2104, 1880],
       [2109, 2177],
       [1811, 2184]]), array([[2104, 1880],
       [2372, 1873],
       [2376, 2171],
       [2109, 2177]]), array([[1246, 2197],
       [1514, 2191],
       [1520, 2455],
       [1253, 2460]]), array([[1514, 2191],
       [1811, 2184],
       [1816, 2450],
       [1520, 2455]]), array([[1811, 2184],
       [2109, 2177],
       [2113, 2444],
       [1816, 2450]]), array([[2109, 2177],
       [2376, 2171],
       [2380, 2439],
       [2113, 2444]])]