Big box:
[array([1039, 2887]), array([1047, 1927]), array([2001, 1922]), array([2008, 2900])]

Small boxes:
[array([[1039, 2887],
       [1041, 2660],
       [1270, 2662],
       [1268, 2890]]), array([[1041, 2660],
       [1043, 2407],
       [1271, 2408],
       [1270, 2662]]), array([[1043, 2407],
       [1045, 2154],
       [1272, 2154],
       [1271, 2408]]), array([[1045, 2154],
       [1047, 1927],
       [1273, 1926],
       [1272, 2154]]), array([[1268, 2890],
       [1270, 2662],
       [1524, 2664],
       [1524, 2894]]), array([[1270, 2662],
       [1271, 2408],
       [1524, 2409],
       [1524, 2664]]), array([[1271, 2408],
       [1272, 2154],
       [1524, 2154],
       [1524, 2409]]), array([[1272, 2154],
       [1273, 1926],
       [1524, 1924],
       [1524, 2154]]), array([[1524, 2894],
       [1524, 2664],
       [1778, 2666],
       [1778, 2897]]), array([[1524, 2664],
       [1524, 2409],
       [1777, 2410],
       [1778, 2666]]), array([[1524, 2409],
       [1524, 2154],
       [1776, 2154],
       [1777, 2410]]), array([[1524, 2154],
       [1524, 1924],
       [1775, 1923],
       [1776, 2154]]), array([[1778, 2897],
       [1778, 2666],
       [2006, 2668],
       [2008, 2900]]), array([[1778, 2666],
       [1777, 2410],
       [2004, 2411],
       [2006, 2668]]), array([[1777, 2410],
       [1776, 2154],
       [2003, 2154],
       [2004, 2411]]), array([[1776, 2154],
       [1775, 1923],
       [2001, 1922],
       [2003, 2154]])]