Big box:
[array([1002, 2955]), array([1044, 1970]), array([2006, 2000]), array([1987, 2982])]

Small boxes:
[array([[1002, 2955],
       [1012, 2722],
       [1244, 2728],
       [1235, 2961]]), array([[1012, 2722],
       [1023, 2462],
       [1254, 2469],
       [1244, 2728]]), array([[1023, 2462],
       [1034, 2203],
       [1263, 2210],
       [1254, 2469]]), array([[1034, 2203],
       [1044, 1970],
       [1272, 1977],
       [1263, 2210]]), array([[1235, 2961],
       [1244, 2728],
       [1502, 2736],
       [1494, 2968]]), array([[1244, 2728],
       [1254, 2469],
       [1510, 2477],
       [1502, 2736]]), array([[1254, 2469],
       [1263, 2210],
       [1518, 2218],
       [1510, 2477]]), array([[1263, 2210],
       [1272, 1977],
       [1525, 1985],
       [1518, 2218]]), array([[1494, 2968],
       [1502, 2736],
       [1760, 2743],
       [1754, 2976]]), array([[1502, 2736],
       [1510, 2477],
       [1766, 2484],
       [1760, 2743]]), array([[1510, 2477],
       [1518, 2218],
       [1772, 2226],
       [1766, 2484]]), array([[1518, 2218],
       [1525, 1985],
       [1778, 1993],
       [1772, 2226]]), array([[1754, 2976],
       [1760, 2743],
       [1992, 2749],
       [1987, 2982]]), array([[1760, 2743],
       [1766, 2484],
       [1996, 2491],
       [1992, 2749]]), array([[1766, 2484],
       [1772, 2226],
       [2002, 2233],
       [1996, 2491]]), array([[1772, 2226],
       [1778, 1993],
       [2006, 2000],
       [2002, 2233]])]