Big box:
[array([ 929, 3253]), array([ 981, 2240]), array([1951, 2266]), array([1938, 3282])]

Small boxes:
[array([[ 929, 3253],
       [ 941, 3013],
       [1178, 3020],
       [1168, 3260]]), array([[ 941, 3013],
       [ 955, 2746],
       [1189, 2753],
       [1178, 3020]]), array([[ 955, 2746],
       [ 969, 2480],
       [1201, 2486],
       [1189, 2753]]), array([[ 969, 2480],
       [ 981, 2240],
       [1211, 2246],
       [1201, 2486]]), array([[1168, 3260],
       [1178, 3020],
       [1441, 3027],
       [1434, 3268]]), array([[1178, 3020],
       [1189, 2753],
       [1450, 2760],
       [1441, 3027]]), array([[1189, 2753],
       [1201, 2486],
       [1458, 2493],
       [1450, 2760]]), array([[1201, 2486],
       [1211, 2246],
       [1466, 2253],
       [1458, 2493]]), array([[1434, 3268],
       [1441, 3027],
       [1704, 3035],
       [1699, 3275]]), array([[1441, 3027],
       [1450, 2760],
       [1710, 2767],
       [1704, 3035]]), array([[1450, 2760],
       [1458, 2493],
       [1716, 2500],
       [1710, 2767]]), array([[1458, 2493],
       [1466, 2253],
       [1721, 2260],
       [1716, 2500]]), array([[1699, 3275],
       [1704, 3035],
       [1941, 3041],
       [1938, 3282]]), array([[1704, 3035],
       [1710, 2767],
       [1944, 2774],
       [1941, 3041]]), array([[1710, 2767],
       [1716, 2500],
       [1948, 2507],
       [1944, 2774]]), array([[1716, 2500],
       [1721, 2260],
       [1951, 2266],
       [1948, 2507]])]