Big box:
[array([1015, 2875]), array([1049, 1895]), array([2010, 1916]), array([2003, 2894])]

Small boxes:
[array([[1015, 2875],
       [1023, 2643],
       [1256, 2648],
       [1249, 2880]]), array([[1023, 2643],
       [1032, 2385],
       [1263, 2390],
       [1256, 2648]]), array([[1032, 2385],
       [1041, 2127],
       [1270, 2132],
       [1263, 2390]]), array([[1041, 2127],
       [1049, 1895],
       [1277, 1900],
       [1270, 2132]]), array([[1249, 2880],
       [1256, 2648],
       [1514, 2653],
       [1509, 2884]]), array([[1256, 2648],
       [1263, 2390],
       [1519, 2395],
       [1514, 2653]]), array([[1263, 2390],
       [1270, 2132],
       [1525, 2137],
       [1519, 2395]]), array([[1270, 2132],
       [1277, 1900],
       [1530, 1906],
       [1525, 2137]]), array([[1509, 2884],
       [1514, 2653],
       [1772, 2658],
       [1769, 2890]]), array([[1514, 2653],
       [1519, 2395],
       [1776, 2400],
       [1772, 2658]]), array([[1519, 2395],
       [1525, 2137],
       [1779, 2143],
       [1776, 2400]]), array([[1525, 2137],
       [1530, 1906],
       [1782, 1911],
       [1779, 2143]]), array([[1769, 2890],
       [1772, 2658],
       [2005, 2662],
       [2003, 2894]]), array([[1772, 2658],
       [1776, 2400],
       [2006, 2405],
       [2005, 2662]]), array([[1776, 2400],
       [1779, 2143],
       [2008, 2148],
       [2006, 2405]]), array([[1779, 2143],
       [1782, 1911],
       [2010, 1916],
       [2008, 2148]])]