Big box:
[array([1025, 2818]), array([1063, 1871]), array([2004, 1894]), array([1984, 2856])]

Small boxes:
[array([[1025, 2818],
       [1034, 2594],
       [1260, 2602],
       [1252, 2827]]), array([[1034, 2594],
       [1044, 2344],
       [1269, 2352],
       [1260, 2602]]), array([[1044, 2344],
       [1054, 2095],
       [1278, 2102],
       [1269, 2352]]), array([[1054, 2095],
       [1063, 1871],
       [1286, 1876],
       [1278, 2102]]), array([[1252, 2827],
       [1260, 2602],
       [1511, 2611],
       [1504, 2837]]), array([[1260, 2602],
       [1269, 2352],
       [1519, 2360],
       [1511, 2611]]), array([[1269, 2352],
       [1278, 2102],
       [1527, 2109],
       [1519, 2360]]), array([[1278, 2102],
       [1286, 1876],
       [1534, 1882],
       [1527, 2109]]), array([[1504, 2837],
       [1511, 2611],
       [1763, 2620],
       [1757, 2847]]), array([[1511, 2611],
       [1519, 2360],
       [1769, 2368],
       [1763, 2620]]), array([[1519, 2360],
       [1527, 2109],
       [1775, 2116],
       [1769, 2368]]), array([[1527, 2109],
       [1534, 1882],
       [1781, 1889],
       [1775, 2116]]), array([[1757, 2847],
       [1763, 2620],
       [1989, 2628],
       [1984, 2856]]), array([[1763, 2620],
       [1769, 2368],
       [1994, 2375],
       [1989, 2628]]), array([[1769, 2368],
       [1775, 2116],
       [1999, 2122],
       [1994, 2375]]), array([[1775, 2116],
       [1781, 1889],
       [2004, 1894],
       [1999, 2122]])]