Big box:
[array([1084, 3009]), array([1126, 2021]), array([2087, 2051]), array([2075, 3042])]

Small boxes:
[array([[1084, 3009],
       [1094, 2775],
       [1327, 2783],
       [1319, 3017]]), array([[1094, 2775],
       [1105, 2515],
       [1336, 2522],
       [1327, 2783]]), array([[1105, 2515],
       [1116, 2255],
       [1345, 2262],
       [1336, 2522]]), array([[1116, 2255],
       [1126, 2021],
       [1354, 2028],
       [1345, 2262]]), array([[1319, 3017],
       [1327, 2783],
       [1586, 2791],
       [1580, 3026]]), array([[1327, 2783],
       [1336, 2522],
       [1593, 2531],
       [1586, 2791]]), array([[1336, 2522],
       [1345, 2262],
       [1600, 2270],
       [1593, 2531]]), array([[1345, 2262],
       [1354, 2028],
       [1606, 2036],
       [1600, 2270]]), array([[1580, 3026],
       [1586, 2791],
       [1845, 2800],
       [1840, 3034]]), array([[1586, 2791],
       [1593, 2531],
       [1850, 2539],
       [1845, 2800]]), array([[1593, 2531],
       [1600, 2270],
       [1855, 2278],
       [1850, 2539]]), array([[1600, 2270],
       [1606, 2036],
       [1859, 2044],
       [1855, 2278]]), array([[1840, 3034],
       [1845, 2800],
       [2078, 2807],
       [2075, 3042]]), array([[1845, 2800],
       [1850, 2539],
       [2081, 2546],
       [2078, 2807]]), array([[1850, 2539],
       [1855, 2278],
       [2084, 2286],
       [2081, 2546]]), array([[1855, 2278],
       [1859, 2044],
       [2087, 2051],
       [2084, 2286]])]