Big box:
[array([1052, 1470]), array([2162, 1437]), array([2204, 2562]), array([1070, 2586])]

Small boxes:
[array([[1052, 1470],
       [1315, 1462],
       [1321, 1727],
       [1056, 1734]]), array([[1315, 1462],
       [1607, 1454],
       [1614, 1719],
       [1321, 1727]]), array([[1607, 1454],
       [1899, 1445],
       [1908, 1711],
       [1614, 1719]]), array([[1899, 1445],
       [2162, 1437],
       [2172, 1703],
       [1908, 1711]]), array([[1056, 1734],
       [1321, 1727],
       [1327, 2021],
       [1061, 2028]]), array([[1321, 1727],
       [1614, 1719],
       [1622, 2014],
       [1327, 2021]]), array([[1614, 1719],
       [1908, 1711],
       [1917, 2006],
       [1622, 2014]]), array([[1908, 1711],
       [2172, 1703],
       [2183, 2000],
       [1917, 2006]]), array([[1061, 2028],
       [1327, 2021],
       [1333, 2315],
       [1066, 2322]]), array([[1327, 2021],
       [1622, 2014],
       [1630, 2309],
       [1333, 2315]]), array([[1622, 2014],
       [1917, 2006],
       [1927, 2302],
       [1630, 2309]]), array([[1917, 2006],
       [2183, 2000],
       [2194, 2296],
       [1927, 2302]]), array([[1066, 2322],
       [1333, 2315],
       [1339, 2580],
       [1070, 2586]]), array([[1333, 2315],
       [1630, 2309],
       [1637, 2574],
       [1339, 2580]]), array([[1630, 2309],
       [1927, 2302],
       [1935, 2568],
       [1637, 2574]]), array([[1927, 2302],
       [2194, 2296],
       [2204, 2562],
       [1935, 2568]])]