Big box:
[array([1107, 2014]), array([2063, 2012]), array([2074, 2994]), array([1101, 2991])]

Small boxes:
[array([[1107, 2014],
       [1333, 2014],
       [1333, 2245],
       [1106, 2245]]), array([[1333, 2014],
       [1585, 2013],
       [1586, 2245],
       [1333, 2245]]), array([[1585, 2013],
       [1837, 2012],
       [1838, 2245],
       [1586, 2245]]), array([[1837, 2012],
       [2063, 2012],
       [2066, 2245],
       [1838, 2245]]), array([[1106, 2245],
       [1333, 2245],
       [1332, 2503],
       [1104, 2502]]), array([[1333, 2245],
       [1586, 2245],
       [1586, 2503],
       [1332, 2503]]), array([[1586, 2245],
       [1838, 2245],
       [1840, 2503],
       [1586, 2503]]), array([[1838, 2245],
       [2066, 2245],
       [2068, 2503],
       [1840, 2503]]), array([[1104, 2502],
       [1332, 2503],
       [1332, 2760],
       [1102, 2760]]), array([[1332, 2503],
       [1586, 2503],
       [1587, 2761],
       [1332, 2760]]), array([[1586, 2503],
       [1840, 2503],
       [1842, 2761],
       [1587, 2761]]), array([[1840, 2503],
       [2068, 2503],
       [2071, 2761],
       [1842, 2761]]), array([[1102, 2760],
       [1332, 2760],
       [1331, 2992],
       [1101, 2991]]), array([[1332, 2760],
       [1587, 2761],
       [1588, 2992],
       [1331, 2992]]), array([[1587, 2761],
       [1842, 2761],
       [1844, 2993],
       [1588, 2992]]), array([[1842, 2761],
       [2071, 2761],
       [2074, 2994],
       [1844, 2993]])]