Big box:
[array([ 995, 3005]), array([1032, 2030]), array([1974, 2052]), array([1969, 3021])]

Small boxes:
[array([[ 995, 3005],
       [1004, 2774],
       [1233, 2778],
       [1226, 3009]]), array([[1004, 2774],
       [1014, 2518],
       [1240, 2522],
       [1233, 2778]]), array([[1014, 2518],
       [1023, 2261],
       [1248, 2266],
       [1240, 2522]]), array([[1023, 2261],
       [1032, 2030],
       [1255, 2035],
       [1248, 2266]]), array([[1226, 3009],
       [1233, 2778],
       [1487, 2783],
       [1482, 3013]]), array([[1233, 2778],
       [1240, 2522],
       [1492, 2527],
       [1487, 2783]]), array([[1240, 2522],
       [1248, 2266],
       [1498, 2271],
       [1492, 2527]]), array([[1248, 2266],
       [1255, 2035],
       [1503, 2041],
       [1498, 2271]]), array([[1482, 3013],
       [1487, 2783],
       [1741, 2787],
       [1738, 3017]]), array([[1487, 2783],
       [1492, 2527],
       [1745, 2532],
       [1741, 2787]]), array([[1492, 2527],
       [1498, 2271],
       [1748, 2277],
       [1745, 2532]]), array([[1498, 2271],
       [1503, 2041],
       [1751, 2047],
       [1748, 2277]]), array([[1738, 3017],
       [1741, 2787],
       [1970, 2792],
       [1969, 3021]]), array([[1741, 2787],
       [1745, 2532],
       [1972, 2536],
       [1970, 2792]]), array([[1745, 2532],
       [1748, 2277],
       [1973, 2282],
       [1972, 2536]]), array([[1748, 2277],
       [1751, 2047],
       [1974, 2052],
       [1973, 2282]])]