Big box:
[array([ 996, 1319]), array([2139, 1308]), array([2156, 2453]), array([1010, 2467])]

Small boxes:
[array([[ 996, 1319],
       [1267, 1316],
       [1270, 1588],
       [ 999, 1591]]), array([[1267, 1316],
       [1568, 1314],
       [1571, 1585],
       [1270, 1588]]), array([[1568, 1314],
       [1868, 1311],
       [1872, 1582],
       [1571, 1585]]), array([[1868, 1311],
       [2139, 1308],
       [2143, 1579],
       [1872, 1582]]), array([[ 999, 1591],
       [1270, 1588],
       [1274, 1890],
       [1003, 1893]]), array([[1270, 1588],
       [1571, 1585],
       [1575, 1887],
       [1274, 1890]]), array([[1571, 1585],
       [1872, 1582],
       [1876, 1883],
       [1575, 1887]]), array([[1872, 1582],
       [2143, 1579],
       [2148, 1880],
       [1876, 1883]]), array([[1003, 1893],
       [1274, 1890],
       [1278, 2192],
       [1007, 2195]]), array([[1274, 1890],
       [1575, 1887],
       [1579, 2188],
       [1278, 2192]]), array([[1575, 1887],
       [1876, 1883],
       [1881, 2185],
       [1579, 2188]]), array([[1876, 1883],
       [2148, 1880],
       [2152, 2182],
       [1881, 2185]]), array([[1007, 2195],
       [1278, 2192],
       [1281, 2464],
       [1010, 2467]]), array([[1278, 2192],
       [1579, 2188],
       [1583, 2460],
       [1281, 2464]]), array([[1579, 2188],
       [1881, 2185],
       [1885, 2456],
       [1583, 2460]]), array([[1881, 2185],
       [2152, 2182],
       [2156, 2453],
       [1885, 2456]])]