Big box:
[array([1096, 2954]), array([1122, 1995]), array([2063, 2008]), array([2055, 2982])]

Small boxes:
[array([[1096, 2954],
       [1102, 2727],
       [1328, 2733],
       [1323, 2961]]), array([[1102, 2727],
       [1109, 2474],
       [1334, 2479],
       [1328, 2733]]), array([[1109, 2474],
       [1116, 2222],
       [1340, 2226],
       [1334, 2479]]), array([[1116, 2222],
       [1122, 1995],
       [1345, 1998],
       [1340, 2226]]), array([[1323, 2961],
       [1328, 2733],
       [1580, 2739],
       [1576, 2968]]), array([[1328, 2733],
       [1334, 2479],
       [1584, 2485],
       [1580, 2739]]), array([[1334, 2479],
       [1340, 2226],
       [1588, 2230],
       [1584, 2485]]), array([[1340, 2226],
       [1345, 1998],
       [1592, 2002],
       [1588, 2230]]), array([[1576, 2968],
       [1580, 2739],
       [1831, 2746],
       [1828, 2975]]), array([[1580, 2739],
       [1584, 2485],
       [1834, 2490],
       [1831, 2746]]), array([[1584, 2485],
       [1588, 2230],
       [1837, 2235],
       [1834, 2490]]), array([[1588, 2230],
       [1592, 2002],
       [1840, 2005],
       [1837, 2235]]), array([[1828, 2975],
       [1831, 2746],
       [2057, 2751],
       [2055, 2982]]), array([[1831, 2746],
       [1834, 2490],
       [2059, 2495],
       [2057, 2751]]), array([[1834, 2490],
       [1837, 2235],
       [2061, 2239],
       [2059, 2495]]), array([[1837, 2235],
       [1840, 2005],
       [2063, 2008],
       [2061, 2239]])]