Big box:
[array([ 982, 2511]), array([1010, 1352]), array([2160, 1377]), array([2141, 2536])]

Small boxes:
[array([[ 982, 2511],
       [ 989, 2236],
       [1263, 2242],
       [1256, 2517]]), array([[ 989, 2236],
       [ 996, 1932],
       [1269, 1937],
       [1263, 2242]]), array([[ 996, 1932],
       [1003, 1626],
       [1276, 1632],
       [1269, 1937]]), array([[1003, 1626],
       [1010, 1352],
       [1282, 1358],
       [1276, 1632]]), array([[1256, 2517],
       [1263, 2242],
       [1567, 2249],
       [1562, 2524]]), array([[1263, 2242],
       [1269, 1937],
       [1573, 1944],
       [1567, 2249]]), array([[1269, 1937],
       [1276, 1632],
       [1579, 1639],
       [1573, 1944]]), array([[1276, 1632],
       [1282, 1358],
       [1585, 1364],
       [1579, 1639]]), array([[1562, 2524],
       [1567, 2249],
       [1872, 2256],
       [1866, 2530]]), array([[1567, 2249],
       [1573, 1944],
       [1877, 1951],
       [1872, 2256]]), array([[1573, 1944],
       [1579, 1639],
       [1883, 1646],
       [1877, 1951]]), array([[1579, 1639],
       [1585, 1364],
       [1888, 1371],
       [1883, 1646]]), array([[1866, 2530],
       [1872, 2256],
       [2146, 2262],
       [2141, 2536]]), array([[1872, 2256],
       [1877, 1951],
       [2150, 1956],
       [2146, 2262]]), array([[1877, 1951],
       [1883, 1646],
       [2156, 1652],
       [2150, 1956]]), array([[1883, 1646],
       [1888, 1371],
       [2160, 1377],
       [2156, 1652]])]