Big box:
[array([ 917, 3126]), array([ 960, 2139]), array([1914, 2155]), array([1913, 3151])]

Small boxes:
[array([[ 917, 3126],
       [ 927, 2892],
       [1161, 2898],
       [1153, 3132]]), array([[ 927, 2892],
       [ 938, 2632],
       [1169, 2637],
       [1161, 2898]]), array([[ 938, 2632],
       [ 950, 2373],
       [1178, 2377],
       [1169, 2637]]), array([[ 950, 2373],
       [ 960, 2139],
       [1186, 2143],
       [1178, 2377]]), array([[1153, 3132],
       [1161, 2898],
       [1420, 2904],
       [1415, 3138]]), array([[1161, 2898],
       [1169, 2637],
       [1426, 2643],
       [1420, 2904]]), array([[1169, 2637],
       [1178, 2377],
       [1432, 2382],
       [1426, 2643]]), array([[1178, 2377],
       [1186, 2143],
       [1437, 2147],
       [1432, 2382]]), array([[1415, 3138],
       [1420, 2904],
       [1680, 2910],
       [1677, 3145]]), array([[1420, 2904],
       [1426, 2643],
       [1683, 2648],
       [1680, 2910]]), array([[1426, 2643],
       [1432, 2382],
       [1685, 2387],
       [1683, 2648]]), array([[1432, 2382],
       [1437, 2147],
       [1688, 2151],
       [1685, 2387]]), array([[1677, 3145],
       [1680, 2910],
       [1913, 2915],
       [1913, 3151]]), array([[1680, 2910],
       [1683, 2648],
       [1914, 2653],
       [1913, 2915]]), array([[1683, 2648],
       [1685, 2387],
       [1914, 2391],
       [1914, 2653]]), array([[1685, 2387],
       [1688, 2151],
       [1914, 2155],
       [1914, 2391]])]