Big box:
[array([1020, 2866]), array([1047, 1895]), array([2014, 1907]), array([1996, 2893])]

Small boxes:
[array([[1020, 2866],
       [1026, 2636],
       [1257, 2642],
       [1251, 2872]]), array([[1026, 2636],
       [1034, 2380],
       [1264, 2385],
       [1257, 2642]]), array([[1034, 2380],
       [1041, 2125],
       [1270, 2129],
       [1264, 2385]]), array([[1041, 2125],
       [1047, 1895],
       [1276, 1898],
       [1270, 2129]]), array([[1251, 2872],
       [1257, 2642],
       [1513, 2648],
       [1508, 2880]]), array([[1257, 2642],
       [1264, 2385],
       [1519, 2390],
       [1513, 2648]]), array([[1264, 2385],
       [1270, 2129],
       [1525, 2133],
       [1519, 2390]]), array([[1270, 2129],
       [1276, 1898],
       [1530, 1901],
       [1525, 2133]]), array([[1508, 2880],
       [1513, 2648],
       [1770, 2654],
       [1765, 2887]]), array([[1513, 2648],
       [1519, 2390],
       [1775, 2395],
       [1770, 2654]]), array([[1519, 2390],
       [1525, 2133],
       [1780, 2137],
       [1775, 2395]]), array([[1525, 2133],
       [1530, 1901],
       [1785, 1904],
       [1780, 2137]]), array([[1765, 2887],
       [1770, 2654],
       [2000, 2659],
       [1996, 2893]]), array([[1770, 2654],
       [1775, 2395],
       [2005, 2400],
       [2000, 2659]]), array([[1775, 2395],
       [1780, 2137],
       [2010, 2141],
       [2005, 2400]]), array([[1780, 2137],
       [1785, 1904],
       [2014, 1907],
       [2010, 2141]])]