Big box:
[array([1085, 1645]), array([2263, 1623]), array([2279, 2812]), array([1098, 2813])]

Small boxes:
[array([[1085, 1645],
       [1364, 1640],
       [1367, 1918],
       [1088, 1922]]), array([[1364, 1640],
       [1674, 1634],
       [1677, 1913],
       [1367, 1918]]), array([[1674, 1634],
       [1984, 1628],
       [1988, 1909],
       [1677, 1913]]), array([[1984, 1628],
       [2263, 1623],
       [2267, 1905],
       [1988, 1909]]), array([[1088, 1922],
       [1367, 1918],
       [1371, 2226],
       [1092, 2229]]), array([[1367, 1918],
       [1677, 1913],
       [1681, 2223],
       [1371, 2226]]), array([[1677, 1913],
       [1988, 1909],
       [1992, 2220],
       [1681, 2223]]), array([[1988, 1909],
       [2267, 1905],
       [2271, 2218],
       [1992, 2220]]), array([[1092, 2229],
       [1371, 2226],
       [1374, 2535],
       [1095, 2536]]), array([[1371, 2226],
       [1681, 2223],
       [1685, 2533],
       [1374, 2535]]), array([[1681, 2223],
       [1992, 2220],
       [1996, 2532],
       [1685, 2533]]), array([[1992, 2220],
       [2271, 2218],
       [2275, 2530],
       [1996, 2532]]), array([[1095, 2536],
       [1374, 2535],
       [1378, 2813],
       [1098, 2813]]), array([[1374, 2535],
       [1685, 2533],
       [1688, 2812],
       [1378, 2813]]), array([[1685, 2533],
       [1996, 2532],
       [1999, 2812],
       [1688, 2812]]), array([[1996, 2532],
       [2275, 2530],
       [2279, 2812],
       [1999, 2812]])]