Big box:
[array([ 982, 2984]), array([1016, 1993]), array([1980, 2011]), array([1974, 3005])]

Small boxes:
[array([[ 982, 2984],
       [ 990, 2749],
       [1223, 2754],
       [1217, 2989]]), array([[ 990, 2749],
       [ 999, 2488],
       [1231, 2493],
       [1223, 2754]]), array([[ 999, 2488],
       [1008, 2228],
       [1238, 2232],
       [1231, 2493]]), array([[1008, 2228],
       [1016, 1993],
       [1244, 1997],
       [1238, 2232]]), array([[1217, 2989],
       [1223, 2754],
       [1483, 2759],
       [1478, 2994]]), array([[1223, 2754],
       [1231, 2493],
       [1488, 2498],
       [1483, 2759]]), array([[1231, 2493],
       [1238, 2232],
       [1493, 2237],
       [1488, 2498]]), array([[1238, 2232],
       [1244, 1997],
       [1498, 2002],
       [1493, 2237]]), array([[1478, 2994],
       [1483, 2759],
       [1742, 2765],
       [1739, 3000]]), array([[1483, 2759],
       [1488, 2498],
       [1745, 2503],
       [1742, 2765]]), array([[1488, 2498],
       [1493, 2237],
       [1749, 2242],
       [1745, 2503]]), array([[1493, 2237],
       [1498, 2002],
       [1752, 2007],
       [1749, 2242]]), array([[1739, 3000],
       [1742, 2765],
       [1975, 2770],
       [1974, 3005]]), array([[1742, 2765],
       [1745, 2503],
       [1977, 2508],
       [1975, 2770]]), array([[1745, 2503],
       [1749, 2242],
       [1979, 2246],
       [1977, 2508]]), array([[1749, 2242],
       [1752, 2007],
       [1980, 2011],
       [1979, 2246]])]