Big box:
[array([ 925, 3122]), array([ 962, 2144]), array([1907, 2162]), array([1900, 3141])]

Small boxes:
[array([[ 925, 3122],
       [ 934, 2890],
       [1163, 2895],
       [1156, 3126]]), array([[ 934, 2890],
       [ 944, 2633],
       [1171, 2637],
       [1163, 2895]]), array([[ 944, 2633],
       [ 953, 2376],
       [1179, 2380],
       [1171, 2637]]), array([[ 953, 2376],
       [ 962, 2144],
       [1186, 2148],
       [1179, 2380]]), array([[1156, 3126],
       [1163, 2895],
       [1418, 2900],
       [1412, 3132]]), array([[1163, 2895],
       [1171, 2637],
       [1424, 2642],
       [1418, 2900]]), array([[1171, 2637],
       [1179, 2380],
       [1429, 2385],
       [1424, 2642]]), array([[1179, 2380],
       [1186, 2148],
       [1434, 2153],
       [1429, 2385]]), array([[1412, 3132],
       [1418, 2900],
       [1672, 2905],
       [1669, 3136]]), array([[1418, 2900],
       [1424, 2642],
       [1676, 2647],
       [1672, 2905]]), array([[1424, 2642],
       [1429, 2385],
       [1680, 2390],
       [1676, 2647]]), array([[1429, 2385],
       [1434, 2153],
       [1683, 2158],
       [1680, 2390]]), array([[1669, 3136],
       [1672, 2905],
       [1902, 2909],
       [1900, 3141]]), array([[1672, 2905],
       [1676, 2647],
       [1904, 2652],
       [1902, 2909]]), array([[1676, 2647],
       [1680, 2390],
       [1905, 2394],
       [1904, 2652]]), array([[1680, 2390],
       [1683, 2158],
       [1907, 2162],
       [1905, 2394]])]