Big box:
[array([ 916, 3054]), array([ 956, 2052]), array([1922, 2075]), array([1912, 3068])]

Small boxes:
[array([[ 916, 3054],
       [ 925, 2817],
       [1160, 2821],
       [1152, 3057]]), array([[ 925, 2817],
       [ 936, 2553],
       [1168, 2557],
       [1160, 2821]]), array([[ 936, 2553],
       [ 947, 2289],
       [1177, 2294],
       [1168, 2557]]), array([[ 947, 2289],
       [ 956, 2052],
       [1185, 2057],
       [1177, 2294]]), array([[1152, 3057],
       [1160, 2821],
       [1420, 2825],
       [1414, 3061]]), array([[1160, 2821],
       [1168, 2557],
       [1426, 2562],
       [1420, 2825]]), array([[1168, 2557],
       [1177, 2294],
       [1433, 2300],
       [1426, 2562]]), array([[1177, 2294],
       [1185, 2057],
       [1439, 2064],
       [1433, 2300]]), array([[1414, 3061],
       [1420, 2825],
       [1680, 2829],
       [1676, 3065]]), array([[1420, 2825],
       [1426, 2562],
       [1685, 2567],
       [1680, 2829]]), array([[1426, 2562],
       [1433, 2300],
       [1689, 2305],
       [1685, 2567]]), array([[1433, 2300],
       [1439, 2064],
       [1693, 2070],
       [1689, 2305]]), array([[1676, 3065],
       [1680, 2829],
       [1914, 2833],
       [1912, 3068]]), array([[1680, 2829],
       [1685, 2567],
       [1917, 2572],
       [1914, 2833]]), array([[1685, 2567],
       [1689, 2305],
       [1920, 2310],
       [1917, 2572]]), array([[1689, 2305],
       [1693, 2070],
       [1922, 2075],
       [1920, 2310]])]