Big box:
[array([1181, 1474]), array([2344, 1439]), array([2378, 2604]), array([1209, 2624])]

Small boxes:
[array([[1181, 1474],
       [1456, 1466],
       [1463, 1739],
       [1188, 1746]]), array([[1456, 1466],
       [1762, 1456],
       [1770, 1731],
       [1463, 1739]]), array([[1762, 1456],
       [2069, 1447],
       [2076, 1722],
       [1770, 1731]]), array([[2069, 1447],
       [2344, 1439],
       [2352, 1715],
       [2076, 1722]]), array([[1188, 1746],
       [1463, 1739],
       [1471, 2042],
       [1195, 2049]]), array([[1463, 1739],
       [1770, 1731],
       [1778, 2035],
       [1471, 2042]]), array([[1770, 1731],
       [2076, 1722],
       [2085, 2028],
       [1778, 2035]]), array([[2076, 1722],
       [2352, 1715],
       [2361, 2022],
       [2085, 2028]]), array([[1195, 2049],
       [1471, 2042],
       [1479, 2346],
       [1202, 2352]]), array([[1471, 2042],
       [1778, 2035],
       [1786, 2340],
       [1479, 2346]]), array([[1778, 2035],
       [2085, 2028],
       [2093, 2334],
       [1786, 2340]]), array([[2085, 2028],
       [2361, 2022],
       [2370, 2328],
       [2093, 2334]]), array([[1202, 2352],
       [1479, 2346],
       [1486, 2619],
       [1209, 2624]]), array([[1479, 2346],
       [1786, 2340],
       [1794, 2614],
       [1486, 2619]]), array([[1786, 2340],
       [2093, 2334],
       [2101, 2609],
       [1794, 2614]]), array([[2093, 2334],
       [2370, 2328],
       [2378, 2604],
       [2101, 2609]])]