Big box:
[array([ 843, 2883]), array([ 892, 1904]), array([1874, 1944]), array([1819, 2935])]

Small boxes:
[array([[ 843, 2883],
       [ 855, 2651],
       [1086, 2663],
       [1074, 2895]]), array([[ 855, 2651],
       [ 868, 2394],
       [1099, 2404],
       [1086, 2663]]), array([[ 868, 2394],
       [ 880, 2136],
       [1113, 2146],
       [1099, 2404]]), array([[ 880, 2136],
       [ 892, 1904],
       [1125, 1913],
       [1113, 2146]]), array([[1074, 2895],
       [1086, 2663],
       [1343, 2676],
       [1331, 2909]]), array([[1086, 2663],
       [1099, 2404],
       [1357, 2416],
       [1343, 2676]]), array([[1099, 2404],
       [1113, 2146],
       [1371, 2157],
       [1357, 2416]]), array([[1113, 2146],
       [1125, 1913],
       [1383, 1924],
       [1371, 2157]]), array([[1331, 2909],
       [1343, 2676],
       [1601, 2689],
       [1588, 2923]]), array([[1343, 2676],
       [1357, 2416],
       [1615, 2429],
       [1601, 2689]]), array([[1357, 2416],
       [1371, 2157],
       [1629, 2169],
       [1615, 2429]]), array([[1371, 2157],
       [1383, 1924],
       [1641, 1935],
       [1629, 2169]]), array([[1588, 2923],
       [1601, 2689],
       [1832, 2700],
       [1819, 2935]]), array([[1601, 2689],
       [1615, 2429],
       [1846, 2440],
       [1832, 2700]]), array([[1615, 2429],
       [1629, 2169],
       [1861, 2179],
       [1846, 2440]]), array([[1629, 2169],
       [1641, 1935],
       [1874, 1944],
       [1861, 2179]])]