Big box:
[array([ 968, 2490]), array([1017, 1324]), array([2178, 1386]), array([2123, 2534])]

Small boxes:
[array([[ 968, 2490],
       [ 980, 2214],
       [1253, 2225],
       [1242, 2500]]), array([[ 980, 2214],
       [ 992, 1907],
       [1267, 1920],
       [1253, 2225]]), array([[ 992, 1907],
       [1005, 1600],
       [1280, 1614],
       [1267, 1920]]), array([[1005, 1600],
       [1017, 1324],
       [1292, 1339],
       [1280, 1614]]), array([[1242, 2500],
       [1253, 2225],
       [1558, 2238],
       [1546, 2512]]), array([[1253, 2225],
       [1267, 1920],
       [1572, 1934],
       [1558, 2238]]), array([[1267, 1920],
       [1280, 1614],
       [1585, 1629],
       [1572, 1934]]), array([[1280, 1614],
       [1292, 1339],
       [1598, 1355],
       [1585, 1629]]), array([[1546, 2512],
       [1558, 2238],
       [1862, 2251],
       [1849, 2524]]), array([[1558, 2238],
       [1572, 1934],
       [1876, 1947],
       [1862, 2251]]), array([[1572, 1934],
       [1585, 1629],
       [1890, 1644],
       [1876, 1947]]), array([[1585, 1629],
       [1598, 1355],
       [1903, 1371],
       [1890, 1644]]), array([[1849, 2524],
       [1862, 2251],
       [2136, 2262],
       [2123, 2534]]), array([[1862, 2251],
       [1876, 1947],
       [2150, 1960],
       [2136, 2262]]), array([[1876, 1947],
       [1890, 1644],
       [2165, 1658],
       [2150, 1960]]), array([[1890, 1644],
       [1903, 1371],
       [2178, 1386],
       [2165, 1658]])]