Big box:
[array([ 901, 3046]), array([ 929, 2024]), array([1925, 2044]), array([1901, 3058])]

Small boxes:
[array([[ 901, 3046],
       [ 908, 2804],
       [1144, 2807],
       [1138, 3049]]), array([[ 908, 2804],
       [ 915, 2535],
       [1151, 2539],
       [1144, 2807]]), array([[ 915, 2535],
       [ 922, 2266],
       [1158, 2270],
       [1151, 2539]]), array([[ 922, 2266],
       [ 929, 2024],
       [1165, 2029],
       [1158, 2270]]), array([[1138, 3049],
       [1144, 2807],
       [1407, 2811],
       [1401, 3052]]), array([[1144, 2807],
       [1151, 2539],
       [1414, 2543],
       [1407, 2811]]), array([[1151, 2539],
       [1158, 2270],
       [1421, 2275],
       [1414, 2543]]), array([[1158, 2270],
       [1165, 2029],
       [1427, 2034],
       [1421, 2275]]), array([[1401, 3052],
       [1407, 2811],
       [1670, 2815],
       [1664, 3055]]), array([[1407, 2811],
       [1414, 2543],
       [1677, 2547],
       [1670, 2815]]), array([[1414, 2543],
       [1421, 2275],
       [1683, 2280],
       [1677, 2547]]), array([[1421, 2275],
       [1427, 2034],
       [1689, 2039],
       [1683, 2280]]), array([[1664, 3055],
       [1670, 2815],
       [1907, 2818],
       [1901, 3058]]), array([[1670, 2815],
       [1677, 2547],
       [1913, 2551],
       [1907, 2818]]), array([[1677, 2547],
       [1683, 2280],
       [1919, 2284],
       [1913, 2551]]), array([[1683, 2280],
       [1689, 2039],
       [1925, 2044],
       [1919, 2284]])]