Big box:
[array([ 981, 2196]), array([1953, 2202]), array([1968, 3211]), array([ 957, 3214])]

Small boxes:
[array([[ 981, 2196],
       [1211, 2197],
       [1208, 2438],
       [ 975, 2437]]), array([[1211, 2197],
       [1467, 2199],
       [1466, 2439],
       [1208, 2438]]), array([[1467, 2199],
       [1723, 2201],
       [1724, 2440],
       [1466, 2439]]), array([[1723, 2201],
       [1953, 2202],
       [1957, 2441],
       [1724, 2440]]), array([[ 975, 2437],
       [1208, 2438],
       [1204, 2705],
       [ 969, 2705]]), array([[1208, 2438],
       [1466, 2439],
       [1465, 2706],
       [1204, 2705]]), array([[1466, 2439],
       [1724, 2440],
       [1726, 2706],
       [1465, 2706]]), array([[1724, 2440],
       [1957, 2441],
       [1960, 2706],
       [1726, 2706]]), array([[ 969, 2705],
       [1204, 2705],
       [1200, 2973],
       [ 963, 2973]]), array([[1204, 2705],
       [1465, 2706],
       [1464, 2972],
       [1200, 2973]]), array([[1465, 2706],
       [1726, 2706],
       [1727, 2972],
       [1464, 2972]]), array([[1726, 2706],
       [1960, 2706],
       [1964, 2972],
       [1727, 2972]]), array([[ 963, 2973],
       [1200, 2973],
       [1196, 3213],
       [ 957, 3214]]), array([[1200, 2973],
       [1464, 2972],
       [1462, 3212],
       [1196, 3213]]), array([[1464, 2972],
       [1727, 2972],
       [1729, 3212],
       [1462, 3212]]), array([[1727, 2972],
       [1964, 2972],
       [1968, 3211],
       [1729, 3212]])]