Big box:
[array([ 799, 2704]), array([ 832, 1469]), array([2071, 1501]), array([2037, 2739])]

Small boxes:
[array([[ 799, 2704],
       [ 807, 2412],
       [1100, 2420],
       [1092, 2712]]), array([[ 807, 2412],
       [ 816, 2086],
       [1109, 2094],
       [1100, 2420]]), array([[ 816, 2086],
       [ 824, 1762],
       [1118, 1769],
       [1109, 2094]]), array([[ 824, 1762],
       [ 832, 1469],
       [1125, 1477],
       [1118, 1769]]), array([[1092, 2712],
       [1100, 2420],
       [1426, 2429],
       [1418, 2722]]), array([[1100, 2420],
       [1109, 2094],
       [1435, 2103],
       [1426, 2429]]), array([[1109, 2094],
       [1118, 1769],
       [1444, 1778],
       [1435, 2103]]), array([[1118, 1769],
       [1125, 1477],
       [1452, 1485],
       [1444, 1778]]), array([[1418, 2722],
       [1426, 2429],
       [1752, 2438],
       [1744, 2731]]), array([[1426, 2429],
       [1435, 2103],
       [1761, 2112],
       [1752, 2438]]), array([[1435, 2103],
       [1444, 1778],
       [1770, 1786],
       [1761, 2112]]), array([[1444, 1778],
       [1452, 1485],
       [1778, 1493],
       [1770, 1786]]), array([[1744, 2731],
       [1752, 2438],
       [2045, 2446],
       [2037, 2739]]), array([[1752, 2438],
       [1761, 2112],
       [2054, 2120],
       [2045, 2446]]), array([[1761, 2112],
       [1770, 1786],
       [2063, 1794],
       [2054, 2120]]), array([[1770, 1786],
       [1778, 1493],
       [2071, 1501],
       [2063, 1794]])]