Big box:
[array([1088, 1885]), array([2042, 1885]), array([2051, 2857]), array([1079, 2851])]

Small boxes:
[array([[1088, 1885],
       [1314, 1885],
       [1313, 2114],
       [1086, 2114]]), array([[1314, 1885],
       [1565, 1885],
       [1565, 2114],
       [1313, 2114]]), array([[1565, 1885],
       [1816, 1885],
       [1817, 2115],
       [1565, 2114]]), array([[1816, 1885],
       [2042, 1885],
       [2044, 2115],
       [1817, 2115]]), array([[1086, 2114],
       [1313, 2114],
       [1312, 2369],
       [1084, 2368]]), array([[1313, 2114],
       [1565, 2114],
       [1565, 2370],
       [1312, 2369]]), array([[1565, 2114],
       [1817, 2115],
       [1818, 2370],
       [1565, 2370]]), array([[1817, 2115],
       [2044, 2115],
       [2046, 2371],
       [1818, 2370]]), array([[1084, 2368],
       [1312, 2369],
       [1310, 2623],
       [1081, 2622]]), array([[1312, 2369],
       [1565, 2370],
       [1565, 2624],
       [1310, 2623]]), array([[1565, 2370],
       [1818, 2370],
       [1820, 2626],
       [1565, 2624]]), array([[1818, 2370],
       [2046, 2371],
       [2049, 2627],
       [1820, 2626]]), array([[1081, 2622],
       [1310, 2623],
       [1309, 2852],
       [1079, 2851]]), array([[1310, 2623],
       [1565, 2624],
       [1565, 2854],
       [1309, 2852]]), array([[1565, 2624],
       [1820, 2626],
       [1821, 2856],
       [1565, 2854]]), array([[1820, 2626],
       [2049, 2627],
       [2051, 2857],
       [1821, 2856]])]