Big box:
[array([1237, 1388]), array([2377, 1348]), array([2404, 2483]), array([1268, 2508])]

Small boxes:
[array([[1237, 1388],
       [1507, 1379],
       [1514, 1645],
       [1244, 1653]]), array([[1507, 1379],
       [1807, 1368],
       [1814, 1635],
       [1514, 1645]]), array([[1807, 1368],
       [2107, 1357],
       [2114, 1625],
       [1814, 1635]]), array([[2107, 1357],
       [2377, 1348],
       [2383, 1617],
       [2114, 1625]]), array([[1244, 1653],
       [1514, 1645],
       [1522, 1940],
       [1252, 1948]]), array([[1514, 1645],
       [1814, 1635],
       [1822, 1932],
       [1522, 1940]]), array([[1814, 1635],
       [2114, 1625],
       [2121, 1923],
       [1822, 1932]]), array([[2114, 1625],
       [2383, 1617],
       [2390, 1916],
       [2121, 1923]]), array([[1252, 1948],
       [1522, 1940],
       [1530, 2236],
       [1261, 2243]]), array([[1522, 1940],
       [1822, 1932],
       [1829, 2228],
       [1530, 2236]]), array([[1822, 1932],
       [2121, 1923],
       [2128, 2221],
       [1829, 2228]]), array([[2121, 1923],
       [2390, 1916],
       [2398, 2214],
       [2128, 2221]]), array([[1261, 2243],
       [1530, 2236],
       [1537, 2502],
       [1268, 2508]]), array([[1530, 2236],
       [1829, 2228],
       [1836, 2496],
       [1537, 2502]]), array([[1829, 2228],
       [2128, 2221],
       [2135, 2489],
       [1836, 2496]]), array([[2128, 2221],
       [2398, 2214],
       [2404, 2483],
       [2135, 2489]])]