Big box:
[array([ 816, 2966]), array([ 859, 1912]), array([1898, 1947]), array([1870, 2995])]

Small boxes:
[array([[ 816, 2966],
       [ 826, 2716],
       [1075, 2724],
       [1066, 2973]]), array([[ 826, 2716],
       [ 838, 2439],
       [1085, 2447],
       [1075, 2724]]), array([[ 838, 2439],
       [ 849, 2162],
       [1096, 2170],
       [1085, 2447]]), array([[ 849, 2162],
       [ 859, 1912],
       [1105, 1920],
       [1096, 2170]]), array([[1066, 2973],
       [1075, 2724],
       [1351, 2732],
       [1343, 2980]]), array([[1075, 2724],
       [1085, 2447],
       [1361, 2455],
       [1351, 2732]]), array([[1085, 2447],
       [1096, 2170],
       [1370, 2178],
       [1361, 2455]]), array([[1096, 2170],
       [1105, 1920],
       [1378, 1930],
       [1370, 2178]]), array([[1343, 2980],
       [1351, 2732],
       [1628, 2740],
       [1620, 2988]]), array([[1351, 2732],
       [1361, 2455],
       [1636, 2463],
       [1628, 2740]]), array([[1361, 2455],
       [1370, 2178],
       [1644, 2187],
       [1636, 2463]]), array([[1370, 2178],
       [1378, 1930],
       [1652, 1939],
       [1644, 2187]]), array([[1620, 2988],
       [1628, 2740],
       [1877, 2747],
       [1870, 2995]]), array([[1628, 2740],
       [1636, 2463],
       [1884, 2471],
       [1877, 2747]]), array([[1636, 2463],
       [1644, 2187],
       [1891, 2195],
       [1884, 2471]]), array([[1644, 2187],
       [1652, 1939],
       [1898, 1947],
       [1891, 2195]])]