Big box:
[array([1048, 2795]), array([1089, 1844]), array([2024, 1873]), array([2006, 2824])]

Small boxes:
[array([[1048, 2795],
       [1058, 2570],
       [1283, 2577],
       [1275, 2802]]), array([[1058, 2570],
       [1068, 2320],
       [1293, 2326],
       [1283, 2577]]), array([[1068, 2320],
       [1079, 2069],
       [1302, 2076],
       [1293, 2326]]), array([[1079, 2069],
       [1089, 1844],
       [1310, 1851],
       [1302, 2076]]), array([[1275, 2802],
       [1283, 2577],
       [1534, 2584],
       [1527, 2810]]), array([[1283, 2577],
       [1293, 2326],
       [1542, 2334],
       [1534, 2584]]), array([[1293, 2326],
       [1302, 2076],
       [1550, 2084],
       [1542, 2334]]), array([[1302, 2076],
       [1310, 1851],
       [1556, 1858],
       [1550, 2084]]), array([[1527, 2810],
       [1534, 2584],
       [1785, 2592],
       [1779, 2817]]), array([[1534, 2584],
       [1542, 2334],
       [1791, 2342],
       [1785, 2592]]), array([[1542, 2334],
       [1550, 2084],
       [1797, 2091],
       [1791, 2342]]), array([[1550, 2084],
       [1556, 1858],
       [1803, 1866],
       [1797, 2091]]), array([[1779, 2817],
       [1785, 2592],
       [2010, 2599],
       [2006, 2824]]), array([[1785, 2592],
       [1791, 2342],
       [2015, 2348],
       [2010, 2599]]), array([[1791, 2342],
       [1797, 2091],
       [2020, 2098],
       [2015, 2348]]), array([[1797, 2091],
       [1803, 1866],
       [2024, 1873],
       [2020, 2098]])]