Big box:
[array([ 972, 1227]), array([2160, 1209]), array([2170, 2395]), array([ 996, 2413])]

Small boxes:
[array([[ 972, 1227],
       [1253, 1223],
       [1258, 1504],
       [ 978, 1508]]), array([[1253, 1223],
       [1566, 1218],
       [1570, 1499],
       [1258, 1504]]), array([[1566, 1218],
       [1879, 1213],
       [1882, 1494],
       [1570, 1499]]), array([[1879, 1213],
       [2160, 1209],
       [2162, 1490],
       [1882, 1494]]), array([[ 978, 1508],
       [1258, 1504],
       [1264, 1816],
       [ 984, 1820]]), array([[1258, 1504],
       [1570, 1499],
       [1574, 1811],
       [1264, 1816]]), array([[1570, 1499],
       [1882, 1494],
       [1885, 1806],
       [1574, 1811]]), array([[1882, 1494],
       [2162, 1490],
       [2165, 1802],
       [1885, 1806]]), array([[ 984, 1820],
       [1264, 1816],
       [1269, 2128],
       [ 990, 2132]]), array([[1264, 1816],
       [1574, 1811],
       [1579, 2123],
       [1269, 2128]]), array([[1574, 1811],
       [1885, 1806],
       [1889, 2118],
       [1579, 2123]]), array([[1885, 1806],
       [2165, 1802],
       [2168, 2114],
       [1889, 2118]]), array([[ 990, 2132],
       [1269, 2128],
       [1274, 2409],
       [ 996, 2413]]), array([[1269, 2128],
       [1579, 2123],
       [1583, 2404],
       [1274, 2409]]), array([[1579, 2123],
       [1889, 2118],
       [1892, 2399],
       [1583, 2404]]), array([[1889, 2118],
       [2168, 2114],
       [2170, 2395],
       [1892, 2399]])]