Big box:
[array([1085, 2999]), array([1117, 2005]), array([2079, 2028]), array([2080, 3013])]

Small boxes:
[array([[1085, 2999],
       [1093, 2764],
       [1326, 2767],
       [1321, 3002]]), array([[1093, 2764],
       [1101, 2502],
       [1333, 2506],
       [1326, 2767]]), array([[1101, 2502],
       [1109, 2240],
       [1339, 2245],
       [1333, 2506]]), array([[1109, 2240],
       [1117, 2005],
       [1345, 2010],
       [1339, 2245]]), array([[1321, 3002],
       [1326, 2767],
       [1586, 2772],
       [1582, 3006]]), array([[1326, 2767],
       [1333, 2506],
       [1590, 2511],
       [1586, 2772]]), array([[1333, 2506],
       [1339, 2245],
       [1594, 2251],
       [1590, 2511]]), array([[1339, 2245],
       [1345, 2010],
       [1598, 2016],
       [1594, 2251]]), array([[1582, 3006],
       [1586, 2772],
       [1846, 2776],
       [1844, 3010]]), array([[1586, 2772],
       [1590, 2511],
       [1848, 2516],
       [1846, 2776]]), array([[1590, 2511],
       [1594, 2251],
       [1850, 2256],
       [1848, 2516]]), array([[1594, 2251],
       [1598, 2016],
       [1851, 2023],
       [1850, 2256]]), array([[1844, 3010],
       [1846, 2776],
       [2080, 2780],
       [2080, 3013]]), array([[1846, 2776],
       [1848, 2516],
       [2080, 2520],
       [2080, 2780]]), array([[1848, 2516],
       [1850, 2256],
       [2079, 2261],
       [2080, 2520]]), array([[1850, 2256],
       [1851, 2023],
       [2079, 2028],
       [2079, 2261]])]