Big box:
[array([ 976, 2727]), array([1002, 1574]), array([2159, 1594]), array([2136, 2753])]

Small boxes:
[array([[ 976, 2727],
       [ 982, 2454],
       [1257, 2460],
       [1251, 2733]]), array([[ 982, 2454],
       [ 989, 2150],
       [1263, 2156],
       [1257, 2460]]), array([[ 989, 2150],
       [ 996, 1847],
       [1270, 1852],
       [1263, 2156]]), array([[ 996, 1847],
       [1002, 1574],
       [1276, 1579],
       [1270, 1852]]), array([[1251, 2733],
       [1257, 2460],
       [1562, 2466],
       [1556, 2740]]), array([[1257, 2460],
       [1263, 2156],
       [1568, 2162],
       [1562, 2466]]), array([[1263, 2156],
       [1270, 1852],
       [1575, 1858],
       [1568, 2162]]), array([[1270, 1852],
       [1276, 1579],
       [1580, 1584],
       [1575, 1858]]), array([[1556, 2740],
       [1562, 2466],
       [1867, 2473],
       [1861, 2747]]), array([[1562, 2466],
       [1568, 2162],
       [1873, 2168],
       [1867, 2473]]), array([[1568, 2162],
       [1575, 1858],
       [1879, 1863],
       [1873, 2168]]), array([[1575, 1858],
       [1580, 1584],
       [1885, 1589],
       [1879, 1863]]), array([[1861, 2747],
       [1867, 2473],
       [2141, 2478],
       [2136, 2753]]), array([[1867, 2473],
       [1873, 2168],
       [2148, 2174],
       [2141, 2478]]), array([[1873, 2168],
       [1879, 1863],
       [2154, 1868],
       [2148, 2174]]), array([[1879, 1863],
       [1885, 1589],
       [2159, 1594],
       [2154, 1868]])]