Big box:
[array([ 874, 3045]), array([ 916, 2018]), array([1913, 2035]), array([1904, 3059])]

Small boxes:
[array([[ 874, 3045],
       [ 884, 2802],
       [1126, 2805],
       [1118, 3048]]), array([[ 884, 2802],
       [ 895, 2532],
       [1135, 2535],
       [1126, 2805]]), array([[ 895, 2532],
       [ 906, 2261],
       [1144, 2265],
       [1135, 2535]]), array([[ 906, 2261],
       [ 916, 2018],
       [1152, 2022],
       [1144, 2265]]), array([[1118, 3048],
       [1126, 2805],
       [1395, 2809],
       [1389, 3052]]), array([[1126, 2805],
       [1135, 2535],
       [1402, 2539],
       [1395, 2809]]), array([[1135, 2535],
       [1144, 2265],
       [1408, 2269],
       [1402, 2539]]), array([[1144, 2265],
       [1152, 2022],
       [1414, 2026],
       [1408, 2269]]), array([[1389, 3052],
       [1395, 2809],
       [1664, 2813],
       [1660, 3056]]), array([[1395, 2809],
       [1402, 2539],
       [1668, 2543],
       [1664, 2813]]), array([[1402, 2539],
       [1408, 2269],
       [1673, 2274],
       [1668, 2543]]), array([[1408, 2269],
       [1414, 2026],
       [1677, 2031],
       [1673, 2274]]), array([[1660, 3056],
       [1664, 2813],
       [1906, 2816],
       [1904, 3059]]), array([[1664, 2813],
       [1668, 2543],
       [1908, 2547],
       [1906, 2816]]), array([[1668, 2543],
       [1673, 2274],
       [1911, 2278],
       [1908, 2547]]), array([[1673, 2274],
       [1677, 2031],
       [1913, 2035],
       [1911, 2278]])]