Big box:
[array([1114, 2731]), array([1147, 1770]), array([2101, 1794]), array([2076, 2764])]

Small boxes:
[array([[1114, 2731],
       [1122, 2503],
       [1349, 2511],
       [1342, 2739]]), array([[1122, 2503],
       [1130, 2250],
       [1357, 2257],
       [1349, 2511]]), array([[1130, 2250],
       [1139, 1998],
       [1366, 2004],
       [1357, 2257]]), array([[1139, 1998],
       [1147, 1770],
       [1373, 1776],
       [1366, 2004]]), array([[1342, 2739],
       [1349, 2511],
       [1602, 2519],
       [1595, 2748]]), array([[1349, 2511],
       [1357, 2257],
       [1610, 2265],
       [1602, 2519]]), array([[1357, 2257],
       [1366, 2004],
       [1617, 2011],
       [1610, 2265]]), array([[1366, 2004],
       [1373, 1776],
       [1624, 1782],
       [1617, 2011]]), array([[1595, 2748],
       [1602, 2519],
       [1855, 2527],
       [1848, 2756]]), array([[1602, 2519],
       [1610, 2265],
       [1862, 2272],
       [1855, 2527]]), array([[1610, 2265],
       [1617, 2011],
       [1869, 2018],
       [1862, 2272]]), array([[1617, 2011],
       [1624, 1782],
       [1875, 1788],
       [1869, 2018]]), array([[1848, 2756],
       [1855, 2527],
       [2082, 2534],
       [2076, 2764]]), array([[1855, 2527],
       [1862, 2272],
       [2088, 2279],
       [2082, 2534]]), array([[1862, 2272],
       [1869, 2018],
       [2095, 2024],
       [2088, 2279]]), array([[1869, 2018],
       [1875, 1788],
       [2101, 1794],
       [2095, 2024]])]