Big box:
[array([1052, 3089]), array([1085, 2105]), array([2024, 2134]), array([2022, 3100])]

Small boxes:
[array([[1052, 3089],
       [1060, 2856],
       [1288, 2860],
       [1282, 3092]]), array([[1060, 2856],
       [1068, 2597],
       [1295, 2602],
       [1288, 2860]]), array([[1068, 2597],
       [1077, 2338],
       [1301, 2344],
       [1295, 2602]]), array([[1077, 2338],
       [1085, 2105],
       [1307, 2112],
       [1301, 2344]]), array([[1282, 3092],
       [1288, 2860],
       [1541, 2864],
       [1537, 3094]]), array([[1288, 2860],
       [1295, 2602],
       [1546, 2607],
       [1541, 2864]]), array([[1295, 2602],
       [1301, 2344],
       [1550, 2350],
       [1546, 2607]]), array([[1301, 2344],
       [1307, 2112],
       [1554, 2120],
       [1550, 2350]]), array([[1537, 3094],
       [1541, 2864],
       [1794, 2868],
       [1792, 3097]]), array([[1541, 2864],
       [1546, 2607],
       [1797, 2612],
       [1794, 2868]]), array([[1546, 2607],
       [1550, 2350],
       [1799, 2357],
       [1797, 2612]]), array([[1550, 2350],
       [1554, 2120],
       [1802, 2127],
       [1799, 2357]]), array([[1792, 3097],
       [1794, 2868],
       [2022, 2871],
       [2022, 3100]]), array([[1794, 2868],
       [1797, 2612],
       [2023, 2617],
       [2022, 2871]]), array([[1797, 2612],
       [1799, 2357],
       [2024, 2363],
       [2023, 2617]]), array([[1799, 2357],
       [1802, 2127],
       [2024, 2134],
       [2024, 2363]])]