Big box:
[array([1038, 2659]), array([1059, 1492]), array([2223, 1513]), array([2205, 2677])]

Small boxes:
[array([[1038, 2659],
       [1043, 2383],
       [1319, 2387],
       [1314, 2663]]), array([[1043, 2383],
       [1048, 2076],
       [1325, 2080],
       [1319, 2387]]), array([[1048, 2076],
       [1054, 1768],
       [1330, 1773],
       [1325, 2080]]), array([[1054, 1768],
       [1059, 1492],
       [1335, 1497],
       [1330, 1773]]), array([[1314, 2663],
       [1319, 2387],
       [1626, 2392],
       [1622, 2668]]), array([[1319, 2387],
       [1325, 2080],
       [1631, 2085],
       [1626, 2392]]), array([[1325, 2080],
       [1330, 1773],
       [1636, 1779],
       [1631, 2085]]), array([[1330, 1773],
       [1335, 1497],
       [1641, 1502],
       [1636, 1779]]), array([[1622, 2668],
       [1626, 2392],
       [1933, 2397],
       [1929, 2673]]), array([[1626, 2392],
       [1631, 2085],
       [1938, 2090],
       [1933, 2397]]), array([[1631, 2085],
       [1636, 1779],
       [1943, 1784],
       [1938, 2090]]), array([[1636, 1779],
       [1641, 1502],
       [1947, 1508],
       [1943, 1784]]), array([[1929, 2673],
       [1933, 2397],
       [2209, 2401],
       [2205, 2677]]), array([[1933, 2397],
       [1938, 2090],
       [2214, 2095],
       [2209, 2401]]), array([[1938, 2090],
       [1943, 1784],
       [2219, 1789],
       [2214, 2095]]), array([[1943, 1784],
       [1947, 1508],
       [2223, 1513],
       [2219, 1789]])]