Big box:
[array([1273, 3017]), array([1304, 2034]), array([2272, 2060]), array([2265, 3061])]

Small boxes:
[array([[1273, 3017],
       [1280, 2784],
       [1514, 2794],
       [1508, 3027]]), array([[1280, 2784],
       [1288, 2526],
       [1521, 2534],
       [1514, 2794]]), array([[1288, 2526],
       [1297, 2267],
       [1527, 2274],
       [1521, 2534]]), array([[1297, 2267],
       [1304, 2034],
       [1533, 2040],
       [1527, 2274]]), array([[1508, 3027],
       [1514, 2794],
       [1774, 2804],
       [1769, 3039]]), array([[1514, 2794],
       [1521, 2534],
       [1778, 2543],
       [1774, 2804]]), array([[1521, 2534],
       [1527, 2274],
       [1784, 2282],
       [1778, 2543]]), array([[1527, 2274],
       [1533, 2040],
       [1788, 2047],
       [1784, 2282]]), array([[1769, 3039],
       [1774, 2804],
       [2033, 2815],
       [2030, 3051]]), array([[1774, 2804],
       [1778, 2543],
       [2036, 2552],
       [2033, 2815]]), array([[1778, 2543],
       [1784, 2282],
       [2040, 2290],
       [2036, 2552]]), array([[1784, 2282],
       [1788, 2047],
       [2043, 2054],
       [2040, 2290]]), array([[2030, 3051],
       [2033, 2815],
       [2267, 2824],
       [2265, 3061]]), array([[2033, 2815],
       [2036, 2552],
       [2268, 2560],
       [2267, 2824]]), array([[2036, 2552],
       [2040, 2290],
       [2270, 2297],
       [2268, 2560]]), array([[2040, 2290],
       [2043, 2054],
       [2272, 2060],
       [2270, 2297]])]