Big box:
[array([ 974, 1427]), array([2128, 1403]), array([2149, 2565]), array([ 992, 2576])]

Small boxes:
[array([[ 974, 1427],
       [1247, 1421],
       [1252, 1694],
       [ 978, 1699]]), array([[1247, 1421],
       [1551, 1415],
       [1556, 1689],
       [1252, 1694]]), array([[1551, 1415],
       [1855, 1409],
       [1859, 1683],
       [1556, 1689]]), array([[1855, 1409],
       [2128, 1403],
       [2133, 1678],
       [1859, 1683]]), array([[ 978, 1699],
       [1252, 1694],
       [1257, 1997],
       [ 983, 2002]]), array([[1252, 1694],
       [1556, 1689],
       [1561, 1993],
       [1257, 1997]]), array([[1556, 1689],
       [1859, 1683],
       [1865, 1988],
       [1561, 1993]]), array([[1859, 1683],
       [2133, 1678],
       [2138, 1984],
       [1865, 1988]]), array([[ 983, 2002],
       [1257, 1997],
       [1262, 2301],
       [ 988, 2304]]), array([[1257, 1997],
       [1561, 1993],
       [1566, 2297],
       [1262, 2301]]), array([[1561, 1993],
       [1865, 1988],
       [1870, 2293],
       [1566, 2297]]), array([[1865, 1988],
       [2138, 1984],
       [2144, 2290],
       [1870, 2293]]), array([[ 988, 2304],
       [1262, 2301],
       [1266, 2573],
       [ 992, 2576]]), array([[1262, 2301],
       [1566, 2297],
       [1570, 2570],
       [1266, 2573]]), array([[1566, 2297],
       [1870, 2293],
       [1875, 2568],
       [1570, 2570]]), array([[1870, 2293],
       [2144, 2290],
       [2149, 2565],
       [1875, 2568]])]