Big box:
[array([ 946, 2713]), array([ 979, 1490]), array([2199, 1521]), array([2171, 2743])]

Small boxes:
[array([[ 946, 2713],
       [ 954, 2423],
       [1244, 2431],
       [1236, 2720]]), array([[ 954, 2423],
       [ 962, 2102],
       [1252, 2109],
       [1244, 2431]]), array([[ 962, 2102],
       [ 971, 1780],
       [1260, 1787],
       [1252, 2109]]), array([[ 971, 1780],
       [ 979, 1490],
       [1268, 1497],
       [1260, 1787]]), array([[1236, 2720],
       [1244, 2431],
       [1566, 2438],
       [1558, 2728]]), array([[1244, 2431],
       [1252, 2109],
       [1574, 2117],
       [1566, 2438]]), array([[1252, 2109],
       [1260, 1787],
       [1582, 1795],
       [1574, 2117]]), array([[1260, 1787],
       [1268, 1497],
       [1589, 1506],
       [1582, 1795]]), array([[1558, 2728],
       [1566, 2438],
       [1888, 2446],
       [1881, 2736]]), array([[1566, 2438],
       [1574, 2117],
       [1895, 2125],
       [1888, 2446]]), array([[1574, 2117],
       [1582, 1795],
       [1903, 1803],
       [1895, 2125]]), array([[1582, 1795],
       [1589, 1506],
       [1910, 1514],
       [1903, 1803]]), array([[1881, 2736],
       [1888, 2446],
       [2178, 2454],
       [2171, 2743]]), array([[1888, 2446],
       [1895, 2125],
       [2185, 2132],
       [2178, 2454]]), array([[1895, 2125],
       [1903, 1803],
       [2192, 1810],
       [2185, 2132]]), array([[1903, 1803],
       [1910, 1514],
       [2199, 1521],
       [2192, 1810]])]