Big box:
[array([1049, 3030]), array([1094, 2045]), array([2052, 2072]), array([2043, 3066])]

Small boxes:
[array([[1049, 3030],
       [1060, 2797],
       [1293, 2805],
       [1284, 3039]]), array([[1060, 2797],
       [1072, 2538],
       [1303, 2545],
       [1293, 2805]]), array([[1072, 2538],
       [1083, 2278],
       [1312, 2285],
       [1303, 2545]]), array([[1083, 2278],
       [1094, 2045],
       [1321, 2051],
       [1312, 2285]]), array([[1284, 3039],
       [1293, 2805],
       [1552, 2814],
       [1546, 3048]]), array([[1293, 2805],
       [1303, 2545],
       [1560, 2553],
       [1552, 2814]]), array([[1303, 2545],
       [1312, 2285],
       [1567, 2293],
       [1560, 2553]]), array([[1312, 2285],
       [1321, 2051],
       [1573, 2058],
       [1567, 2293]]), array([[1546, 3048],
       [1552, 2814],
       [1812, 2823],
       [1808, 3057]]), array([[1552, 2814],
       [1560, 2553],
       [1816, 2562],
       [1812, 2823]]), array([[1560, 2553],
       [1567, 2293],
       [1821, 2301],
       [1816, 2562]]), array([[1567, 2293],
       [1573, 2058],
       [1825, 2066],
       [1821, 2301]]), array([[1808, 3057],
       [1812, 2823],
       [2045, 2831],
       [2043, 3066]]), array([[1812, 2823],
       [1816, 2562],
       [2048, 2569],
       [2045, 2831]]), array([[1816, 2562],
       [1821, 2301],
       [2050, 2307],
       [2048, 2569]]), array([[1821, 2301],
       [1825, 2066],
       [2052, 2072],
       [2050, 2307]])]