Big box:
[array([1002, 2713]), array([1025, 1564]), array([2175, 1586]), array([2150, 2738])]

Small boxes:
[array([[1002, 2713],
       [1007, 2441],
       [1279, 2447],
       [1274, 2719]]), array([[1007, 2441],
       [1014, 2138],
       [1286, 2144],
       [1279, 2447]]), array([[1014, 2138],
       [1020, 1836],
       [1292, 1842],
       [1286, 2144]]), array([[1020, 1836],
       [1025, 1564],
       [1297, 1569],
       [1292, 1842]]), array([[1274, 2719],
       [1279, 2447],
       [1582, 2453],
       [1576, 2726]]), array([[1279, 2447],
       [1286, 2144],
       [1588, 2150],
       [1582, 2453]]), array([[1286, 2144],
       [1292, 1842],
       [1594, 1847],
       [1588, 2150]]), array([[1292, 1842],
       [1297, 1569],
       [1600, 1575],
       [1594, 1847]]), array([[1576, 2726],
       [1582, 2453],
       [1884, 2459],
       [1878, 2732]]), array([[1582, 2453],
       [1588, 2150],
       [1890, 2156],
       [1884, 2459]]), array([[1588, 2150],
       [1594, 1847],
       [1897, 1853],
       [1890, 2156]]), array([[1594, 1847],
       [1600, 1575],
       [1903, 1581],
       [1897, 1853]]), array([[1878, 2732],
       [1884, 2459],
       [2156, 2465],
       [2150, 2738]]), array([[1884, 2459],
       [1890, 2156],
       [2162, 2162],
       [2156, 2465]]), array([[1890, 2156],
       [1897, 1853],
       [2169, 1859],
       [2162, 2162]]), array([[1897, 1853],
       [1903, 1581],
       [2175, 1586],
       [2169, 1859]])]