Big box:
[array([1082, 3316]), array([1114, 2318]), array([2063, 2341]), array([2061, 3338])]

Small boxes:
[array([[1082, 3316],
       [1090, 3080],
       [1320, 3085],
       [1314, 3321]]), array([[1090, 3080],
       [1098, 2817],
       [1326, 2822],
       [1320, 3085]]), array([[1098, 2817],
       [1106, 2554],
       [1333, 2560],
       [1326, 2822]]), array([[1106, 2554],
       [1114, 2318],
       [1339, 2323],
       [1333, 2560]]), array([[1314, 3321],
       [1320, 3085],
       [1576, 3091],
       [1572, 3327]]), array([[1320, 3085],
       [1326, 2822],
       [1580, 2828],
       [1576, 3091]]), array([[1326, 2822],
       [1333, 2560],
       [1584, 2566],
       [1580, 2828]]), array([[1333, 2560],
       [1339, 2323],
       [1588, 2330],
       [1584, 2566]]), array([[1572, 3327],
       [1576, 3091],
       [1831, 3097],
       [1829, 3333]]), array([[1576, 3091],
       [1580, 2828],
       [1834, 2834],
       [1831, 3097]]), array([[1580, 2828],
       [1584, 2566],
       [1836, 2572],
       [1834, 2834]]), array([[1584, 2566],
       [1588, 2330],
       [1838, 2336],
       [1836, 2572]]), array([[1829, 3333],
       [1831, 3097],
       [2061, 3102],
       [2061, 3338]]), array([[1831, 3097],
       [1834, 2834],
       [2062, 2840],
       [2061, 3102]]), array([[1834, 2834],
       [1836, 2572],
       [2063, 2577],
       [2062, 2840]]), array([[1836, 2572],
       [1838, 2336],
       [2063, 2341],
       [2063, 2577]])]