Big box:
[array([263, 573]), array([592, 333]), array([822, 651]), array([507, 897])]

Small boxes:
[array([[263, 573],
       [342, 516],
       [399, 593],
       [321, 651]]), array([[342, 516],
       [428, 453],
       [484, 530],
       [399, 593]]), array([[428, 453],
       [513, 390],
       [569, 467],
       [484, 530]]), array([[513, 390],
       [592, 333],
       [647, 409],
       [569, 467]]), array([[321, 651],
       [399, 593],
       [462, 677],
       [385, 735]]), array([[399, 593],
       [484, 530],
       [546, 614],
       [462, 677]]), array([[484, 530],
       [569, 467],
       [630, 550],
       [546, 614]]), array([[569, 467],
       [647, 409],
       [707, 492],
       [630, 550]]), array([[385, 735],
       [462, 677],
       [525, 761],
       [449, 819]]), array([[462, 677],
       [546, 614],
       [608, 697],
       [525, 761]]), array([[546, 614],
       [630, 550],
       [691, 633],
       [608, 697]]), array([[630, 550],
       [707, 492],
       [767, 575],
       [691, 633]]), array([[449, 819],
       [525, 761],
       [582, 838],
       [507, 897]]), array([[525, 761],
       [608, 697],
       [664, 774],
       [582, 838]]), array([[608, 697],
       [691, 633],
       [747, 710],
       [664, 774]]), array([[691, 633],
       [767, 575],
       [822, 651],
       [747, 710]])]