Big box:
[array([371, 474]), array([687, 235]), array([926, 554]), array([607, 790])]

Small boxes:
[array([[371, 474],
       [447, 417],
       [503, 493],
       [428, 550]]), array([[447, 417],
       [529, 354],
       [586, 431],
       [503, 493]]), array([[529, 354],
       [611, 292],
       [668, 369],
       [586, 431]]), array([[611, 292],
       [687, 235],
       [744, 311],
       [668, 369]]), array([[428, 550],
       [503, 493],
       [565, 575],
       [489, 632]]), array([[503, 493],
       [586, 431],
       [648, 513],
       [565, 575]]), array([[586, 431],
       [668, 369],
       [730, 451],
       [648, 513]]), array([[668, 369],
       [744, 311],
       [806, 394],
       [730, 451]]), array([[489, 632],
       [565, 575],
       [627, 658],
       [550, 714]]), array([[565, 575],
       [648, 513],
       [710, 596],
       [627, 658]]), array([[648, 513],
       [730, 451],
       [792, 534],
       [710, 596]]), array([[730, 451],
       [806, 394],
       [869, 478],
       [792, 534]]), array([[550, 714],
       [627, 658],
       [683, 733],
       [607, 790]]), array([[627, 658],
       [710, 596],
       [766, 672],
       [683, 733]]), array([[710, 596],
       [792, 534],
       [850, 611],
       [766, 672]]), array([[792, 534],
       [869, 478],
       [926, 554],
       [850, 611]])]