Big box:
[array([209, 781]), array([320, 435]), array([672, 548]), array([562, 902])]

Small boxes:
[array([[209, 781],
       [236, 698],
       [320, 727],
       [294, 810]]), array([[236, 698],
       [264, 608],
       [349, 636],
       [320, 727]]), array([[264, 608],
       [293, 518],
       [378, 545],
       [349, 636]]), array([[293, 518],
       [320, 435],
       [404, 462],
       [378, 545]]), array([[294, 810],
       [320, 727],
       [412, 758],
       [386, 842]]), array([[320, 727],
       [349, 636],
       [441, 666],
       [412, 758]]), array([[349, 636],
       [378, 545],
       [470, 575],
       [441, 666]]), array([[378, 545],
       [404, 462],
       [496, 492],
       [470, 575]]), array([[386, 842],
       [412, 758],
       [504, 789],
       [477, 873]]), array([[412, 758],
       [441, 666],
       [533, 697],
       [504, 789]]), array([[441, 666],
       [470, 575],
       [561, 605],
       [533, 697]]), array([[470, 575],
       [496, 492],
       [588, 521],
       [561, 605]]), array([[477, 873],
       [504, 789],
       [588, 817],
       [562, 902]]), array([[504, 789],
       [533, 697],
       [617, 725],
       [588, 817]]), array([[533, 697],
       [561, 605],
       [646, 633],
       [617, 725]]), array([[561, 605],
       [588, 521],
       [672, 548],
       [646, 633]])]