Big box:
[array([1229, 1376]), array([2366, 1324]), array([2406, 2459]), array([1275, 2499])]

Small boxes:
[array([[1229, 1376],
       [1498, 1364],
       [1509, 1630],
       [1240, 1642]]), array([[1498, 1364],
       [1798, 1350],
       [1808, 1617],
       [1509, 1630]]), array([[1798, 1350],
       [2097, 1336],
       [2107, 1604],
       [1808, 1617]]), array([[2097, 1336],
       [2366, 1324],
       [2375, 1593],
       [2107, 1604]]), array([[1240, 1642],
       [1509, 1630],
       [1521, 1927],
       [1252, 1938]]), array([[1509, 1630],
       [1808, 1617],
       [1819, 1914],
       [1521, 1927]]), array([[1808, 1617],
       [2107, 1604],
       [2117, 1902],
       [1819, 1914]]), array([[2107, 1604],
       [2375, 1593],
       [2386, 1892],
       [2117, 1902]]), array([[1252, 1938],
       [1521, 1927],
       [1532, 2223],
       [1264, 2233]]), array([[1521, 1927],
       [1819, 1914],
       [1830, 2212],
       [1532, 2223]]), array([[1819, 1914],
       [2117, 1902],
       [2128, 2200],
       [1830, 2212]]), array([[2117, 1902],
       [2386, 1892],
       [2397, 2190],
       [2128, 2200]]), array([[1264, 2233],
       [1532, 2223],
       [1543, 2490],
       [1275, 2499]]), array([[1532, 2223],
       [1830, 2212],
       [1840, 2479],
       [1543, 2490]]), array([[1830, 2212],
       [2128, 2200],
       [2138, 2468],
       [1840, 2479]]), array([[2128, 2200],
       [2397, 2190],
       [2406, 2459],
       [2138, 2468]])]