Big box:
[array([1094, 2705]), array([1124, 1500]), array([2338, 1515]), array([2320, 2741])]

Small boxes:
[array([[1094, 2705],
       [1101, 2420],
       [1391, 2427],
       [1384, 2714]]), array([[1101, 2420],
       [1109, 2102],
       [1398, 2109],
       [1391, 2427]]), array([[1109, 2102],
       [1117, 1785],
       [1405, 1790],
       [1398, 2109]]), array([[1117, 1785],
       [1124, 1500],
       [1412, 1504],
       [1405, 1790]]), array([[1384, 2714],
       [1391, 2427],
       [1713, 2435],
       [1707, 2723]]), array([[1391, 2427],
       [1398, 2109],
       [1719, 2115],
       [1713, 2435]]), array([[1398, 2109],
       [1405, 1790],
       [1725, 1795],
       [1719, 2115]]), array([[1405, 1790],
       [1412, 1504],
       [1731, 1508],
       [1725, 1795]]), array([[1707, 2723],
       [1713, 2435],
       [2035, 2443],
       [2030, 2732]]), array([[1713, 2435],
       [1719, 2115],
       [2040, 2122],
       [2035, 2443]]), array([[1719, 2115],
       [1725, 1795],
       [2046, 1801],
       [2040, 2122]]), array([[1725, 1795],
       [1731, 1508],
       [2050, 1511],
       [2046, 1801]]), array([[2030, 2732],
       [2035, 2443],
       [2324, 2451],
       [2320, 2741]]), array([[2035, 2443],
       [2040, 2122],
       [2329, 2128],
       [2324, 2451]]), array([[2040, 2122],
       [2046, 1801],
       [2334, 1805],
       [2329, 2128]]), array([[2046, 1801],
       [2050, 1511],
       [2338, 1515],
       [2334, 1805]])]